 0.000000   0.025264   0.141432
 0.003003   0.025334   0.138853
 0.006006   0.025403   0.136296
 0.009009   0.025470   0.133763
 0.012012   0.025537   0.131253
 0.015015   0.025602   0.128766
 0.018018   0.025665   0.126302
 0.021021   0.025728   0.123861
 0.024024   0.025789   0.121443
 0.027027   0.025850   0.119048
 0.030030   0.025909   0.116677
 0.033033   0.025966   0.114328
 0.037037   0.026042   0.111232
 0.041041   0.026115   0.108178
 0.045045   0.026186   0.105164
 0.049049   0.026255   0.102191
 0.053053   0.026322   0.099260
 0.057057   0.026388   0.096369
 0.061061   0.026451   0.093520
 0.065065   0.026513   0.090711
 0.069069   0.026572   0.087944
 0.074074   0.026644   0.084542
 0.079079   0.026713   0.081204
 0.084084   0.026780   0.077931
 0.089089   0.026843   0.074721
 0.094094   0.026904   0.071576
 0.100100   0.026974   0.067886
 0.106106   0.027040   0.064288
 0.112112   0.027103   0.060783
 0.119119   0.027171   0.056810
 0.126126   0.027236   0.052963
 0.134134   0.027303   0.048720
 0.142142   0.027366   0.044640
 0.151151   0.027429   0.040248
 0.161161   0.027493   0.035610
 0.173173   0.027559   0.030383
 0.188188   0.027627   0.024369
 0.209209   0.027699   0.016918
 0.314314   0.027776   -0.003380
 0.414414   0.027742   0.003562
 0.446446   0.027780   0.011198
 0.467467   0.027831   0.017635
 0.483483   0.027885   0.023298
 0.496496   0.027941   0.028382
 0.507508   0.027997   0.033023
 0.517518   0.028056   0.037511
 0.526527   0.028116   0.041769
 0.534535   0.028174   0.045729
 0.542543   0.028238   0.049852
 0.549550   0.028298   0.053595
 0.556557   0.028363   0.057463
 0.562563   0.028422   0.060879
 0.568569   0.028485   0.064387
 0.574575   0.028551   0.067987
 0.580581   0.028621   0.071679
 0.585586   0.028682   0.074827
 0.590591   0.028746   0.078039
 0.595596   0.028812   0.081314
 0.600601   0.028882   0.084654
 0.605606   0.028954   0.088058
 0.609610   0.029013   0.090827
 0.613614   0.029075   0.093637
 0.617618   0.029138   0.096489
 0.621622   0.029204   0.099381
 0.625626   0.029271   0.102314
 0.629630   0.029340   0.105289
 0.633634   0.029412   0.108304
 0.637638   0.029485   0.111360
 0.641642   0.029560   0.114457
 0.645646   0.029638   0.117596
 0.649650   0.029717   0.120775
 0.652653   0.029778   0.123187
 0.655656   0.029840   0.125621
 0.658659   0.029904   0.128079
 0.661662   0.029969   0.130559
 0.664665   0.030035   0.133063
 0.667668   0.030102   0.135590
 0.670671   0.030170   0.138140
 0.673674   0.030240   0.140713
 0.676677   0.030311   0.143309
 0.679680   0.030384   0.145928
 0.682683   0.030457   0.148570
 0.685686   0.030532   0.151235
 0.688689   0.030609   0.153923
 0.691692   0.030686   0.156635
 0.694695   0.030765   0.159369
 0.697698   0.030846   0.162127
 0.700701   0.030928   0.164907
 0.703704   0.031011   0.167711
 0.706707   0.031096   0.170538
 0.709710   0.031182   0.173387
 0.712713   0.031269   0.176260
 0.715716   0.031358   0.179156
 0.718719   0.031449   0.182075
 0.721722   0.031540   0.185017
 0.724725   0.031634   0.187982
 0.727728   0.031729   0.190970
 0.729730   0.031793   0.192975
 0.731732   0.031857   0.194990
 0.733734   0.031923   0.197016
 0.735736   0.031989   0.199052
 0.737738   0.032056   0.201098
 0.739740   0.032123   0.203154
 0.741742   0.032191   0.205220
 0.743744   0.032260   0.207297
 0.745746   0.032329   0.209384
 0.747748   0.032400   0.211481
 0.749750   0.032471   0.213589
 0.751752   0.032542   0.215706
 0.753754   0.032615   0.217834
 0.755756   0.032688   0.219973
 0.757758   0.032761   0.222121
 0.759760   0.032836   0.224280
 0.761762   0.032911   0.226449
 0.763764   0.032987   0.228628
 0.765766   0.033064   0.230818
 0.767768   0.033141   0.233017
 0.769770   0.033219   0.235227
 0.771772   0.033298   0.237448
 0.773774   0.033378   0.239678
 0.775776   0.033458   0.241919
 0.777778   0.033539   0.244170
 0.779780   0.033621   0.246431
 0.781782   0.033703   0.248703
 0.783784   0.033787   0.250984
 0.785786   0.033871   0.253276
 0.787788   0.033956   0.255579
 0.789790   0.034042   0.257891
 0.791792   0.034128   0.260214
 0.793794   0.034215   0.262547
 0.795796   0.034303   0.264890
 0.797798   0.034392   0.267244
 0.799800   0.034481   0.269608
 0.801802   0.034572   0.271982
 0.803804   0.034663   0.274366
 0.805806   0.034755   0.276761
 0.807808   0.034848   0.279166
 0.809810   0.034941   0.281581
 0.811812   0.035036   0.284006
 0.813814   0.035131   0.286442
 0.815816   0.035227   0.288887
 0.817818   0.035324   0.291343
 0.819820   0.035421   0.293810
 0.821822   0.035520   0.296286
 0.823824   0.035619   0.298773
 0.825826   0.035719   0.301270
 0.827828   0.035820   0.303778
 0.829830   0.035922   0.306295
 0.831832   0.036024   0.308823
 0.833834   0.036128   0.311361
 0.835836   0.036232   0.313910
 0.837838   0.036337   0.316468
 0.839840   0.036443   0.319037
 0.841842   0.036550   0.321616
 0.843844   0.036658   0.324206
 0.845846   0.036767   0.326805
 0.847848   0.036876   0.329415
 0.849850   0.036986   0.332035
 0.851852   0.037098   0.334666
 0.853854   0.037210   0.337306
 0.855856   0.037323   0.339957
 0.857858   0.037437   0.342618
 0.859860   0.037551   0.345290
 0.861862   0.037667   0.347971
 0.863864   0.037784   0.350663
 0.865866   0.037901   0.353365
 0.867868   0.038019   0.356078
 0.869870   0.038139   0.358800
 0.871872   0.038259   0.361533
 0.873874   0.038380   0.364276
 0.875876   0.038502   0.367030
 0.877878   0.038625   0.369793
 0.879880   0.038749   0.372567
 0.881882   0.038873   0.375351
 0.883884   0.038999   0.378145
 0.885886   0.039126   0.380949
 0.887888   0.039253   0.383763
 0.889890   0.039382   0.386586
 0.891892   0.039511   0.389419
 0.893894   0.039642   0.392261
 0.895896   0.039773   0.395111
 0.897898   0.039905   0.397969
 0.899900   0.040039   0.400833
 0.901902   0.040173   0.403702
 0.903904   0.040308   0.406571
 0.905906   0.040444   0.409438
 0.907908   0.040581   0.412294
 0.909910   0.040719   0.415131
 0.911912   0.040858   0.417933
 0.913914   0.040998   0.420679
 0.915916   0.041139   0.423337
 0.917918   0.041281   0.425856
 0.919920   0.041423   0.428165
 0.921922   0.041567   0.430156
 0.923924   0.041710   0.431667
 0.925926   0.041854   0.432457
 0.927928   0.041999   0.432169
 0.929930   0.042143   0.430268
 0.931932   0.042286   0.425959
 0.933934   0.042427   0.418059
 0.935936   0.042564   0.404811
 0.937938   0.042696   0.383595
 0.939940   0.042819   0.350573
 0.941942   0.042928   0.299922
 0.944945   0.043049   0.173167
 0.948949   0.043063   -0.176681
 0.950951   0.042957   -0.479730
 0.951952   0.042861   -0.680240
 0.952953   0.042728   -0.920963
 0.953954   0.042551   -1.208713
 0.954955   0.042321   -1.550969
 0.955956   0.042030   -1.955620
 0.956957   0.041665   -2.430618
 0.957958   0.041214   -2.983395
 0.958959   0.040665   -3.620042
 0.959960   0.040002   -4.344177
 0.960961   0.039210   -5.155534
 0.961962   0.038277   -6.048305
 0.962963   0.037188   -7.009430
 0.963964   0.035935   -8.017103
 0.964965   0.034512   -9.039923
 0.965966   0.032920   -10.037190
 0.966967   0.031168   -10.960792
 0.967968   0.029270   -11.758925
 0.968969   0.027254   -12.381429
 0.969970   0.025151   -12.786042
 0.970971   0.023001   -12.944342
 0.971972   0.020846   -12.846036
 0.972973   0.018729   -12.500519
 0.973974   0.016687   -11.935283
 0.974975   0.014756   -11.191628
 0.975976   0.012960   -10.318765
 0.976977   0.011317   -9.367650
 0.977978   0.009836   -8.385737
 0.978979   0.008519   -7.413323
 0.979980   0.007361   -6.481695
 0.980981   0.006353   -5.612817
 0.981982   0.005483   -4.820131
 0.982983   0.004740   -4.109980
 0.983984   0.004107   -3.483256
 0.984985   0.003573   -2.936990
 0.985986   0.003123   -2.465723
 0.986987   0.002746   -2.062601
 0.987988   0.002432   -1.720183
 0.988989   0.002170   -1.431010
 0.989990   0.001952   -1.187968
 0.990991   0.001771   -0.984502
 0.991992   0.001621   -0.814718
 0.992993   0.001498   -0.673420
 0.993994   0.001395   -0.556087
 0.994995   0.001311   -0.458828
 0.995996   0.001241   -0.378333
 0.996997   0.001184   -0.311782
 0.997998   0.001137   -0.256852
 0.998999   0.001098   -0.211415
 1.000000   0.001066   -0.174366
256 psinorm nz1(10^20/m^3) dnz1/dpsiN
