           r/a             r           psi            ff             q
 0.000000000E+00 0.000000000E+00 0.000000000E+00 0.350486863E+01 0.851180252E+00
 0.500000000E-02 0.291945553E-02 0.123878785E-04 0.350485059E+01 0.851352685E+00
 0.100000000E-01 0.583891106E-02 0.512117035E-04 0.350479409E+01 0.851869034E+00
 0.150000000E-01 0.875836658E-02 0.116389395E-03 0.350469936E+01 0.852657017E+00
 0.200000000E-01 0.116778221E-01 0.207838874E-03 0.350456674E+01 0.853607152E+00
 0.250000000E-01 0.145972776E-01 0.325478059E-03 0.350439661E+01 0.854589368E+00
 0.300000000E-01 0.175167332E-01 0.469224871E-03 0.350418945E+01 0.855475886E+00
 0.350000000E-01 0.204361887E-01 0.638997231E-03 0.350394581E+01 0.856170236E+00
 0.400000000E-01 0.233556442E-01 0.834713058E-03 0.350366630E+01 0.856642272E+00
 0.450000000E-01 0.262750998E-01 0.105629027E-02 0.350335160E+01 0.856969042E+00
 0.500000000E-01 0.291945553E-01 0.130364679E-02 0.350300245E+01 0.857378092E+00
 0.550000000E-01 0.321140108E-01 0.157670054E-02 0.350261965E+01 0.858078950E+00
 0.600000000E-01 0.350334663E-01 0.187536944E-02 0.350220406E+01 0.859017698E+00
 0.650000000E-01 0.379529219E-01 0.219957141E-02 0.350175658E+01 0.860096891E+00
 0.700000000E-01 0.408723774E-01 0.254922436E-02 0.350127815E+01 0.861311442E+00
 0.750000000E-01 0.437918329E-01 0.292424622E-02 0.350076974E+01 0.862654755E+00
 0.800000000E-01 0.467112884E-01 0.332455377E-02 0.350023237E+01 0.864082823E+00
 0.850000000E-01 0.496307440E-01 0.375003906E-02 0.349966712E+01 0.865601973E+00
 0.900000000E-01 0.525501995E-01 0.420057016E-02 0.349907512E+01 0.867244558E+00
 0.950000000E-01 0.554696550E-01 0.467601414E-02 0.349845750E+01 0.868996962E+00
 0.100000000E+00 0.583891106E-01 0.517623687E-02 0.349781542E+01 0.870825949E+00
 0.105000000E+00 0.613085661E-01 0.570109931E-02 0.349715003E+01 0.872728282E+00
 0.110000000E+00 0.642280216E-01 0.625046122E-02 0.349646251E+01 0.874744930E+00
 0.115000000E+00 0.671474771E-01 0.682417932E-02 0.349575401E+01 0.876873528E+00
 0.120000000E+00 0.700669327E-01 0.742209929E-02 0.349502568E+01 0.879058853E+00
 0.125000000E+00 0.729863882E-01 0.804406416E-02 0.349427868E+01 0.881359960E+00
 0.130000000E+00 0.759058437E-01 0.868991291E-02 0.349351413E+01 0.883753538E+00
 0.135000000E+00 0.788252993E-01 0.935947923E-02 0.349273314E+01 0.886224272E+00
 0.140000000E+00 0.817447548E-01 0.100525950E-01 0.349193682E+01 0.888799320E+00
 0.145000000E+00 0.846642103E-01 0.107690862E-01 0.349112621E+01 0.891448418E+00
 0.150000000E+00 0.875836658E-01 0.115087768E-01 0.349030235E+01 0.894193509E+00
 0.155000000E+00 0.905031214E-01 0.122714859E-01 0.348946623E+01 0.897048026E+00
 0.160000000E+00 0.934225769E-01 0.130570298E-01 0.348861882E+01 0.899975051E+00
 0.165000000E+00 0.963420324E-01 0.138652215E-01 0.348776105E+01 0.902983890E+00
 0.170000000E+00 0.992614880E-01 0.146958717E-01 0.348689380E+01 0.906093105E+00
 0.175000000E+00 0.102180943E+00 0.155487876E-01 0.348601794E+01 0.909287901E+00
 0.180000000E+00 0.105100399E+00 0.164237743E-01 0.348513426E+01 0.912574952E+00
 0.185000000E+00 0.108019855E+00 0.173206330E-01 0.348424353E+01 0.915942748E+00
 0.190000000E+00 0.110939310E+00 0.182391634E-01 0.348334648E+01 0.919406098E+00
 0.195000000E+00 0.113858766E+00 0.191791626E-01 0.348244381E+01 0.922958222E+00
 0.200000000E+00 0.116778221E+00 0.201404256E-01 0.348153615E+01 0.926596350E+00
 0.205000000E+00 0.119697677E+00 0.211227447E-01 0.348062413E+01 0.930329283E+00
 0.210000000E+00 0.122617132E+00 0.221259102E-01 0.347970831E+01 0.934150857E+00
 0.215000000E+00 0.125536588E+00 0.231497107E-01 0.347878921E+01 0.938057946E+00
 0.220000000E+00 0.128456043E+00 0.241939333E-01 0.347786737E+01 0.942064926E+00
 0.225000000E+00 0.131375499E+00 0.252583619E-01 0.347694321E+01 0.946155827E+00
 0.230000000E+00 0.134294954E+00 0.263427791E-01 0.347601719E+01 0.950341325E+00
 0.235000000E+00 0.137214410E+00 0.274469664E-01 0.347508971E+01 0.954627333E+00
 0.240000000E+00 0.140133865E+00 0.285707030E-01 0.347416113E+01 0.958994700E+00
 0.245000000E+00 0.143053321E+00 0.297137664E-01 0.347323179E+01 0.963464945E+00
 0.250000000E+00 0.145972776E+00 0.308759323E-01 0.347230204E+01 0.968030498E+00
 0.255000000E+00 0.148892232E+00 0.320569759E-01 0.347137214E+01 0.972689423E+00
 0.260000000E+00 0.151811687E+00 0.332566693E-01 0.347044239E+01 0.977452632E+00
 0.265000000E+00 0.154731143E+00 0.344747841E-01 0.346951304E+01 0.982308192E+00
 0.270000000E+00 0.157650599E+00 0.357110908E-01 0.346858433E+01 0.987266980E+00
 0.275000000E+00 0.160570054E+00 0.369653574E-01 0.346765647E+01 0.992328808E+00
 0.280000000E+00 0.163489510E+00 0.382373509E-01 0.346672968E+01 0.997488434E+00
 0.285000000E+00 0.166408965E+00 0.395268379E-01 0.346580415E+01 0.100275784E+01
 0.290000000E+00 0.169328421E+00 0.408335828E-01 0.346488006E+01 0.100813151E+01
 0.295000000E+00 0.172247876E+00 0.421573481E-01 0.346395759E+01 0.101361074E+01
 0.300000000E+00 0.175167332E+00 0.434978967E-01 0.346303691E+01 0.101920338E+01
 0.305000000E+00 0.178086787E+00 0.448549893E-01 0.346211818E+01 0.102490271E+01
 0.310000000E+00 0.181006243E+00 0.462283862E-01 0.346120154E+01 0.103071560E+01
 0.315000000E+00 0.183925698E+00 0.476178460E-01 0.346028716E+01 0.103664563E+01
 0.320000000E+00 0.186845154E+00 0.490231258E-01 0.345937517E+01 0.104268666E+01
 0.325000000E+00 0.189764609E+00 0.504439830E-01 0.345846571E+01 0.104884910E+01
 0.330000000E+00 0.192684065E+00 0.518801744E-01 0.345755892E+01 0.105513207E+01
 0.335000000E+00 0.195603520E+00 0.533314545E-01 0.345665496E+01 0.106153437E+01
 0.340000000E+00 0.198522976E+00 0.547975780E-01 0.345575395E+01 0.106806364E+01
 0.345000000E+00 0.201442431E+00 0.562782990E-01 0.345485604E+01 0.107471778E+01
 0.350000000E+00 0.204361887E+00 0.577733710E-01 0.345396134E+01 0.108149859E+01
 0.355000000E+00 0.207281342E+00 0.592825475E-01 0.345307001E+01 0.108841246E+01
 0.360000000E+00 0.210200798E+00 0.608055814E-01 0.345218219E+01 0.109545620E+01
 0.365000000E+00 0.213120254E+00 0.623422247E-01 0.345129800E+01 0.110263445E+01
 0.370000000E+00 0.216039709E+00 0.638922311E-01 0.345041758E+01 0.110995073E+01
 0.375000000E+00 0.218959165E+00 0.654553535E-01 0.344954108E+01 0.111740353E+01
 0.380000000E+00 0.221878620E+00 0.670313456E-01 0.344866861E+01 0.112499704E+01
 0.385000000E+00 0.224798076E+00 0.686199615E-01 0.344780032E+01 0.113273333E+01
 0.390000000E+00 0.227717531E+00 0.702209561E-01 0.344693634E+01 0.114061167E+01
 0.395000000E+00 0.230636987E+00 0.718340852E-01 0.344607679E+01 0.114863654E+01
 0.400000000E+00 0.233556442E+00 0.734591064E-01 0.344522181E+01 0.115680858E+01
 0.405000000E+00 0.236475898E+00 0.750957790E-01 0.344437150E+01 0.116512727E+01
 0.410000000E+00 0.239395353E+00 0.767438638E-01 0.344352600E+01 0.117359614E+01
 0.415000000E+00 0.242314809E+00 0.784031245E-01 0.344268540E+01 0.118221515E+01
 0.420000000E+00 0.245234264E+00 0.800733273E-01 0.344184982E+01 0.119098299E+01
 0.425000000E+00 0.248153720E+00 0.817542411E-01 0.344101934E+01 0.119990225E+01
 0.430000000E+00 0.251073175E+00 0.834456391E-01 0.344019405E+01 0.120897215E+01
 0.435000000E+00 0.253992631E+00 0.851472984E-01 0.343937403E+01 0.121818959E+01
 0.440000000E+00 0.256912086E+00 0.868590017E-01 0.343855934E+01 0.122755592E+01
 0.445000000E+00 0.259831542E+00 0.885805359E-01 0.343775002E+01 0.123706822E+01
 0.450000000E+00 0.262750998E+00 0.903116941E-01 0.343694610E+01 0.124672233E+01
 0.455000000E+00 0.265670453E+00 0.920522777E-01 0.343614758E+01 0.125651622E+01
 0.460000000E+00 0.268589909E+00 0.938020941E-01 0.343535447E+01 0.126644493E+01
 0.465000000E+00 0.271509364E+00 0.955609604E-01 0.343456673E+01 0.127650142E+01
 0.470000000E+00 0.274428820E+00 0.973287030E-01 0.343378432E+01 0.128668131E+01
 0.475000000E+00 0.277348275E+00 0.991051567E-01 0.343300722E+01 0.129697958E+01
 0.480000000E+00 0.280267731E+00 0.100890164E+00 0.343223540E+01 0.130739090E+01
 0.485000000E+00 0.283187186E+00 0.102683574E+00 0.343146885E+01 0.131791232E+01
 0.490000000E+00 0.286106642E+00 0.104485243E+00 0.343070757E+01 0.132854144E+01
 0.495000000E+00 0.289026097E+00 0.106295033E+00 0.342995156E+01 0.133927477E+01
 0.500000000E+00 0.291945553E+00 0.108112811E+00 0.342920084E+01 0.135011043E+01
 0.505000000E+00 0.294865008E+00 0.109938449E+00 0.342845542E+01 0.136104770E+01
 0.510000000E+00 0.297784464E+00 0.111771823E+00 0.342771531E+01 0.137208512E+01
 0.515000000E+00 0.300703919E+00 0.113612813E+00 0.342698056E+01 0.138322173E+01
 0.520000000E+00 0.303623375E+00 0.115461302E+00 0.342625120E+01 0.139445805E+01
 0.525000000E+00 0.306542830E+00 0.117317176E+00 0.342552726E+01 0.140579407E+01
 0.530000000E+00 0.309462286E+00 0.119180323E+00 0.342480880E+01 0.141722987E+01
 0.535000000E+00 0.312381742E+00 0.121050635E+00 0.342409585E+01 0.142876670E+01
 0.540000000E+00 0.315301197E+00 0.122928006E+00 0.342338849E+01 0.144040608E+01
 0.545000000E+00 0.318220653E+00 0.124812330E+00 0.342268675E+01 0.145214908E+01
 0.550000000E+00 0.321140108E+00 0.126703503E+00 0.342199071E+01 0.146399736E+01
 0.555000000E+00 0.324059564E+00 0.128601423E+00 0.342130043E+01 0.147595340E+01
 0.560000000E+00 0.326979019E+00 0.130505990E+00 0.342061597E+01 0.148801934E+01
 0.565000000E+00 0.329898475E+00 0.132417102E+00 0.341993742E+01 0.150019782E+01
 0.570000000E+00 0.332817930E+00 0.134334661E+00 0.341926483E+01 0.151249137E+01
 0.575000000E+00 0.335737386E+00 0.136258567E+00 0.341859830E+01 0.152490347E+01
 0.580000000E+00 0.338656841E+00 0.138188722E+00 0.341793788E+01 0.153743721E+01
 0.585000000E+00 0.341576297E+00 0.140125028E+00 0.341728367E+01 0.155009603E+01
 0.590000000E+00 0.344495752E+00 0.142067387E+00 0.341663573E+01 0.156288357E+01
 0.595000000E+00 0.347415208E+00 0.144015700E+00 0.341599417E+01 0.157580407E+01
 0.600000000E+00 0.350334663E+00 0.145969871E+00 0.341535905E+01 0.158886143E+01
 0.605000000E+00 0.353254119E+00 0.147929801E+00 0.341473046E+01 0.160205993E+01
 0.610000000E+00 0.356173574E+00 0.149895391E+00 0.341410849E+01 0.161540450E+01
 0.615000000E+00 0.359093030E+00 0.151866544E+00 0.341349323E+01 0.162889952E+01
 0.620000000E+00 0.362012485E+00 0.153843162E+00 0.341288475E+01 0.164254994E+01
 0.625000000E+00 0.364931941E+00 0.155825144E+00 0.341228315E+01 0.165636138E+01
 0.630000000E+00 0.367851397E+00 0.157812392E+00 0.341168851E+01 0.167033892E+01
 0.635000000E+00 0.370770852E+00 0.159804805E+00 0.341110093E+01 0.168448813E+01
 0.640000000E+00 0.373690308E+00 0.161802284E+00 0.341052047E+01 0.169881516E+01
 0.645000000E+00 0.376609763E+00 0.163804728E+00 0.340994724E+01 0.171332582E+01
 0.650000000E+00 0.379529219E+00 0.165812036E+00 0.340938132E+01 0.172802657E+01
 0.655000000E+00 0.382448674E+00 0.167824105E+00 0.340882280E+01 0.174292427E+01
 0.660000000E+00 0.385368130E+00 0.169840833E+00 0.340827177E+01 0.175802499E+01
 0.665000000E+00 0.388287585E+00 0.171862117E+00 0.340772830E+01 0.177333672E+01
 0.670000000E+00 0.391207041E+00 0.173887854E+00 0.340719249E+01 0.178886622E+01
 0.675000000E+00 0.394126496E+00 0.175917938E+00 0.340666442E+01 0.180462135E+01
 0.680000000E+00 0.397045952E+00 0.177952265E+00 0.340614416E+01 0.182061048E+01
 0.685000000E+00 0.399965407E+00 0.179990729E+00 0.340563181E+01 0.183684130E+01
 0.690000000E+00 0.402884863E+00 0.182033224E+00 0.340512745E+01 0.185332311E+01
 0.695000000E+00 0.405804318E+00 0.184079643E+00 0.340463117E+01 0.187006428E+01
 0.700000000E+00 0.408723774E+00 0.186129877E+00 0.340414304E+01 0.188707449E+01
 0.705000000E+00 0.411643229E+00 0.188183819E+00 0.340366314E+01 0.190436368E+01
 0.710000000E+00 0.414562685E+00 0.190241360E+00 0.340319156E+01 0.192194192E+01
 0.715000000E+00 0.417482141E+00 0.192302388E+00 0.340272836E+01 0.193982038E+01
 0.720000000E+00 0.420401596E+00 0.194366794E+00 0.340227364E+01 0.195800950E+01
 0.725000000E+00 0.423321052E+00 0.196434468E+00 0.340182746E+01 0.197652165E+01
 0.730000000E+00 0.426240507E+00 0.198505295E+00 0.340138991E+01 0.199536871E+01
 0.735000000E+00 0.429159963E+00 0.200579164E+00 0.340096107E+01 0.201456376E+01
 0.740000000E+00 0.432079418E+00 0.202655960E+00 0.340054100E+01 0.203412013E+01
 0.745000000E+00 0.434998874E+00 0.204735571E+00 0.340012978E+01 0.205405220E+01
 0.750000000E+00 0.437918329E+00 0.206817880E+00 0.339972749E+01 0.207437516E+01
 0.755000000E+00 0.440837785E+00 0.208902772E+00 0.339933421E+01 0.209510492E+01
 0.760000000E+00 0.443757240E+00 0.210990131E+00 0.339895001E+01 0.211625760E+01
 0.765000000E+00 0.446676696E+00 0.213079838E+00 0.339857495E+01 0.213785099E+01
 0.770000000E+00 0.449596151E+00 0.215171777E+00 0.339820914E+01 0.215990386E+01
 0.775000000E+00 0.452515607E+00 0.217265827E+00 0.339785262E+01 0.218243538E+01
 0.780000000E+00 0.455435062E+00 0.219361870E+00 0.339750550E+01 0.220546798E+01
 0.785000000E+00 0.458354518E+00 0.221459784E+00 0.339716783E+01 0.222902232E+01
 0.790000000E+00 0.461273973E+00 0.223559448E+00 0.339683970E+01 0.225312373E+01
 0.795000000E+00 0.464193429E+00 0.225660741E+00 0.339652120E+01 0.227779601E+01
 0.800000000E+00 0.467112884E+00 0.227763537E+00 0.339621238E+01 0.230306753E+01
 0.805000000E+00 0.470032340E+00 0.229867715E+00 0.339591338E+01 0.232896684E+01
 0.810000000E+00 0.472951796E+00 0.231973147E+00 0.339562424E+01 0.235552557E+01
 0.815000000E+00 0.475871251E+00 0.234079709E+00 0.339534508E+01 0.238277736E+01
 0.820000000E+00 0.478790707E+00 0.236187274E+00 0.339507599E+01 0.241075885E+01
 0.825000000E+00 0.481710162E+00 0.238295711E+00 0.339481707E+01 0.243950871E+01
 0.830000000E+00 0.484629618E+00 0.240404893E+00 0.339456842E+01 0.246906954E+01
 0.835000000E+00 0.487549073E+00 0.242514688E+00 0.339433016E+01 0.249948894E+01
 0.840000000E+00 0.490468529E+00 0.244624964E+00 0.339410241E+01 0.253081640E+01
 0.845000000E+00 0.493387984E+00 0.246735588E+00 0.339388532E+01 0.256310781E+01
 0.850000000E+00 0.496307440E+00 0.248846425E+00 0.339367900E+01 0.259642461E+01
 0.855000000E+00 0.499226895E+00 0.250957339E+00 0.339348362E+01 0.263083408E+01
 0.860000000E+00 0.502146351E+00 0.253068190E+00 0.339329933E+01 0.266641131E+01
 0.865000000E+00 0.505065806E+00 0.255178838E+00 0.339312633E+01 0.270323914E+01
 0.870000000E+00 0.507985262E+00 0.257289142E+00 0.339296479E+01 0.274141119E+01
 0.875000000E+00 0.510904717E+00 0.259398956E+00 0.339281494E+01 0.278102975E+01
 0.880000000E+00 0.513824173E+00 0.261508134E+00 0.339267701E+01 0.282221350E+01
 0.885000000E+00 0.516743628E+00 0.263616525E+00 0.339255123E+01 0.286509685E+01
 0.890000000E+00 0.519663084E+00 0.265723978E+00 0.339243792E+01 0.290983454E+01
 0.895000000E+00 0.522582540E+00 0.267830336E+00 0.339233736E+01 0.295659978E+01
 0.900000000E+00 0.525501995E+00 0.269935441E+00 0.339224989E+01 0.300559808E+01
 0.905000000E+00 0.528421451E+00 0.272039128E+00 0.339217590E+01 0.305707137E+01
 0.910000000E+00 0.531340906E+00 0.274141231E+00 0.339211580E+01 0.311129965E+01
 0.915000000E+00 0.534260362E+00 0.276241576E+00 0.339207005E+01 0.316862526E+01
 0.920000000E+00 0.537179817E+00 0.278339987E+00 0.339203914E+01 0.322945600E+01
 0.925000000E+00 0.540099273E+00 0.280436281E+00 0.339202363E+01 0.329429435E+01
 0.930000000E+00 0.543018728E+00 0.282530265E+00 0.339202417E+01 0.336376586E+01
 0.935000000E+00 0.545938184E+00 0.284621749E+00 0.339204155E+01 0.343859689E+01
 0.940000000E+00 0.548857639E+00 0.286710554E+00 0.339207695E+01 0.351957301E+01
 0.945000000E+00 0.551777095E+00 0.288796539E+00 0.339213187E+01 0.360755220E+01
 0.950000000E+00 0.554696550E+00 0.290879627E+00 0.339220816E+01 0.370351702E+01
 0.955000000E+00 0.557616006E+00 0.292959829E+00 0.339230812E+01 0.380853417E+01
 0.960000000E+00 0.560535461E+00 0.295037260E+00 0.339243439E+01 0.392385077E+01
 0.965000000E+00 0.563454917E+00 0.297112144E+00 0.339259245E+01 0.405062951E+01
 0.970000000E+00 0.566374372E+00 0.299184961E+00 0.339280797E+01 0.418801844E+01
 0.975000000E+00 0.569293828E+00 0.301256643E+00 0.339314102E+01 0.432975328E+01
 0.980000000E+00 0.572213284E+00 0.303328893E+00 0.339368516E+01 0.446059456E+01
 0.985000000E+00 0.575132739E+00 0.305404847E+00 0.339448340E+01 0.457790479E+01
 0.990000000E+00 0.578052195E+00 0.307485412E+00 0.339536278E+01 0.474887897E+01
 0.995000000E+00 0.580971650E+00 0.309567282E+00 0.339609955E+01 0.510778685E+01
 0.100000000E+01 0.583891106E+00 0.311645638E+00 0.339659515E+01 0.956259704E+01
