 0.851180252E+00
 0.851352685E+00
 0.851869034E+00
 0.852657017E+00
 0.853607152E+00
 0.854589368E+00
 0.855475886E+00
 0.856170236E+00
 0.856642272E+00
 0.856969042E+00
 0.857378092E+00
 0.858078950E+00
 0.859017698E+00
 0.860096891E+00
 0.861311442E+00
 0.862654755E+00
 0.864082823E+00
 0.865601973E+00
 0.867244558E+00
 0.868996962E+00
 0.870825949E+00
 0.872728282E+00
 0.874744930E+00
 0.876873528E+00
 0.879058853E+00
 0.881359960E+00
 0.883753538E+00
 0.886224272E+00
 0.888799320E+00
 0.891448418E+00
 0.894193509E+00
 0.897048026E+00
 0.899975051E+00
 0.902983890E+00
 0.906093105E+00
 0.909287901E+00
 0.912574952E+00
 0.915942748E+00
 0.919406098E+00
 0.922958222E+00
 0.926596350E+00
 0.930329283E+00
 0.934150857E+00
 0.938057946E+00
 0.942064926E+00
 0.946155827E+00
 0.950341325E+00
 0.954627333E+00
 0.958994700E+00
 0.963464945E+00
 0.968030498E+00
 0.972689423E+00
 0.977452632E+00
 0.982308192E+00
 0.987266980E+00
 0.992328808E+00
 0.997488434E+00
 0.100275784E+01
 0.100813151E+01
 0.101361074E+01
 0.101920338E+01
 0.102490271E+01
 0.103071560E+01
 0.103664563E+01
 0.104268666E+01
 0.104884910E+01
 0.105513207E+01
 0.106153437E+01
 0.106806364E+01
 0.107471778E+01
 0.108149859E+01
 0.108841246E+01
 0.109545620E+01
 0.110263445E+01
 0.110995073E+01
 0.111740353E+01
 0.112499704E+01
 0.113273333E+01
 0.114061167E+01
 0.114863654E+01
 0.115680858E+01
 0.116512727E+01
 0.117359614E+01
 0.118221515E+01
 0.119098299E+01
 0.119990225E+01
 0.120897215E+01
 0.121818959E+01
 0.122755592E+01
 0.123706822E+01
 0.124672233E+01
 0.125651622E+01
 0.126644493E+01
 0.127650142E+01
 0.128668131E+01
 0.129697958E+01
 0.130739090E+01
 0.131791232E+01
 0.132854144E+01
 0.133927477E+01
 0.135011043E+01
 0.136104770E+01
 0.137208512E+01
 0.138322173E+01
 0.139445805E+01
 0.140579407E+01
 0.141722987E+01
 0.142876670E+01
 0.144040608E+01
 0.145214908E+01
 0.146399736E+01
 0.147595340E+01
 0.148801934E+01
 0.150019782E+01
 0.151249137E+01
 0.152490347E+01
 0.153743721E+01
 0.155009603E+01
 0.156288357E+01
 0.157580407E+01
 0.158886143E+01
 0.160205993E+01
 0.161540450E+01
 0.162889952E+01
 0.164254994E+01
 0.165636138E+01
 0.167033892E+01
 0.168448813E+01
 0.169881516E+01
 0.171332582E+01
 0.172802657E+01
 0.174292427E+01
 0.175802499E+01
 0.177333672E+01
 0.178886622E+01
 0.180462135E+01
 0.182061048E+01
 0.183684130E+01
 0.185332311E+01
 0.187006428E+01
 0.188707449E+01
 0.190436368E+01
 0.192194192E+01
 0.193982038E+01
 0.195800950E+01
 0.197652165E+01
 0.199536871E+01
 0.201456376E+01
 0.203412013E+01
 0.205405220E+01
 0.207437516E+01
 0.209510492E+01
 0.211625760E+01
 0.213785099E+01
 0.215990386E+01
 0.218243538E+01
 0.220546798E+01
 0.222902232E+01
 0.225312373E+01
 0.227779601E+01
 0.230306753E+01
 0.232896684E+01
 0.235552557E+01
 0.238277736E+01
 0.241075885E+01
 0.243950871E+01
 0.246906954E+01
 0.249948894E+01
 0.253081640E+01
 0.256310781E+01
 0.259642461E+01
 0.263083408E+01
 0.266641131E+01
 0.270323914E+01
 0.274141119E+01
 0.278102975E+01
 0.282221350E+01
 0.286509685E+01
 0.290983454E+01
 0.295659978E+01
 0.300559808E+01
 0.305707137E+01
 0.311129965E+01
 0.316862526E+01
 0.322945600E+01
 0.329429435E+01
 0.336376586E+01
 0.343859689E+01
 0.351957301E+01
 0.360755220E+01
 0.370351702E+01
 0.380853417E+01
 0.392385077E+01
 0.405062951E+01
 0.418801844E+01
 0.432975328E+01
 0.446059456E+01
 0.457790479E+01
 0.474887897E+01
 0.510778685E+01
 0.956259704E+01
