    1   0.00000E+00   0.00000E+00   0.00000E+00   0.00000E+00   0.00000E+00   0.00000E+00   0.00000E+00   0.00000E+00
    2   0.16909E-05   0.26012E-05   0.46845E-05   0.38972E-05   0.23247E-05   0.35728E-05   0.30269E-05   0.28375E-05
    3   0.67635E-05   0.10406E-04   0.18737E-04   0.15581E-04   0.92952E-05   0.14284E-04   0.12106E-04   0.11352E-04
    4   0.15219E-04   0.23419E-04   0.42157E-04   0.35043E-04   0.20911E-04   0.32129E-04   0.27235E-04   0.25549E-04
    5   0.27057E-04   0.41642E-04   0.74942E-04   0.62276E-04   0.37169E-04   0.57098E-04   0.48413E-04   0.45431E-04
    6   0.42278E-04   0.65077E-04   0.11709E-03   0.97268E-04   0.58069E-04   0.89184E-04   0.75637E-04   0.71001E-04
    7   0.60882E-04   0.93727E-04   0.16859E-03   0.14001E-03   0.83609E-04   0.12838E-03   0.10890E-03   0.10226E-03
    8   0.82869E-04   0.12759E-03   0.22945E-03   0.19049E-03   0.11378E-03   0.17467E-03   0.14821E-03   0.13921E-03
    9   0.10824E-03   0.16668E-03   0.29964E-03   0.24869E-03   0.14859E-03   0.22805E-03   0.19355E-03   0.18186E-03
   10   0.13699E-03   0.21098E-03   0.37917E-03   0.31460E-03   0.18804E-03   0.28851E-03   0.24492E-03   0.23021E-03
   11   0.16913E-03   0.26051E-03   0.46802E-03   0.38821E-03   0.23210E-03   0.35604E-03   0.30231E-03   0.28425E-03
   12   0.20464E-03   0.31525E-03   0.56618E-03   0.46950E-03   0.28080E-03   0.43062E-03   0.36572E-03   0.34399E-03
   13   0.24354E-03   0.37521E-03   0.67363E-03   0.55846E-03   0.33411E-03   0.51224E-03   0.43514E-03   0.40943E-03
   14   0.28582E-03   0.44040E-03   0.79037E-03   0.65506E-03   0.39203E-03   0.60089E-03   0.51057E-03   0.48057E-03
   15   0.33147E-03   0.51080E-03   0.91637E-03   0.75930E-03   0.45457E-03   0.69654E-03   0.59199E-03   0.55740E-03
   16   0.38051E-03   0.58643E-03   0.10516E-02   0.87115E-03   0.52172E-03   0.79920E-03   0.67940E-03   0.63993E-03
   17   0.43292E-03   0.66727E-03   0.11961E-02   0.99059E-03   0.59347E-03   0.90884E-03   0.77278E-03   0.72816E-03
   18   0.48871E-03   0.75333E-03   0.13498E-02   0.11176E-02   0.66981E-03   0.10254E-02   0.87214E-03   0.82208E-03
   19   0.54787E-03   0.84460E-03   0.15127E-02   0.12522E-02   0.75075E-03   0.11490E-02   0.97745E-03   0.92170E-03
   20   0.61040E-03   0.94109E-03   0.16847E-02   0.13943E-02   0.83627E-03   0.12795E-02   0.10887E-02   0.10270E-02
   21   0.67631E-03   0.10428E-02   0.18659E-02   0.15439E-02   0.92637E-03   0.14169E-02   0.12059E-02   0.11380E-02
   22   0.74559E-03   0.11497E-02   0.20562E-02   0.17010E-02   0.10210E-02   0.15612E-02   0.13290E-02   0.12547E-02
   23   0.81823E-03   0.12618E-02   0.22556E-02   0.18655E-02   0.11203E-02   0.17123E-02   0.14581E-02   0.13770E-02
   24   0.89424E-03   0.13791E-02   0.24641E-02   0.20375E-02   0.12241E-02   0.18704E-02   0.15930E-02   0.15051E-02
   25   0.97361E-03   0.15016E-02   0.26816E-02   0.22169E-02   0.13324E-02   0.20352E-02   0.17338E-02   0.16388E-02
   26   0.10563E-02   0.16293E-02   0.29081E-02   0.24037E-02   0.14453E-02   0.22069E-02   0.18805E-02   0.17782E-02
   27   0.11424E-02   0.17623E-02   0.31436E-02   0.25979E-02   0.15628E-02   0.23853E-02   0.20331E-02   0.19232E-02
   28   0.12319E-02   0.19003E-02   0.33880E-02   0.27994E-02   0.16847E-02   0.25705E-02   0.21915E-02   0.20739E-02
   29   0.13247E-02   0.20436E-02   0.36414E-02   0.30081E-02   0.18112E-02   0.27625E-02   0.23557E-02   0.22303E-02
   30   0.14209E-02   0.21921E-02   0.39036E-02   0.32242E-02   0.19422E-02   0.29612E-02   0.25257E-02   0.23923E-02
   31   0.15204E-02   0.23457E-02   0.41747E-02   0.34475E-02   0.20777E-02   0.31665E-02   0.27015E-02   0.25599E-02
   32   0.16232E-02   0.25045E-02   0.44546E-02   0.36780E-02   0.22177E-02   0.33786E-02   0.28832E-02   0.27332E-02
   33   0.17294E-02   0.26685E-02   0.47432E-02   0.39157E-02   0.23622E-02   0.35972E-02   0.30705E-02   0.29121E-02
   34   0.18390E-02   0.28376E-02   0.50406E-02   0.41605E-02   0.25111E-02   0.38225E-02   0.32637E-02   0.30967E-02
   35   0.19519E-02   0.30119E-02   0.53467E-02   0.44125E-02   0.26645E-02   0.40544E-02   0.34625E-02   0.32869E-02
   36   0.20681E-02   0.31913E-02   0.56615E-02   0.46715E-02   0.28224E-02   0.42928E-02   0.36671E-02   0.34826E-02
   37   0.21876E-02   0.33758E-02   0.59848E-02   0.49376E-02   0.29847E-02   0.45378E-02   0.38773E-02   0.36840E-02
   38   0.23105E-02   0.35655E-02   0.63168E-02   0.52106E-02   0.31515E-02   0.47893E-02   0.40932E-02   0.38910E-02
   39   0.24367E-02   0.37604E-02   0.66573E-02   0.54907E-02   0.33227E-02   0.50472E-02   0.43148E-02   0.41036E-02
   40   0.25662E-02   0.39603E-02   0.70062E-02   0.57777E-02   0.34983E-02   0.53116E-02   0.45420E-02   0.43217E-02
   41   0.26991E-02   0.41654E-02   0.73637E-02   0.60716E-02   0.36782E-02   0.55824E-02   0.47748E-02   0.45455E-02
   42   0.28352E-02   0.43756E-02   0.77295E-02   0.63724E-02   0.38626E-02   0.58596E-02   0.50132E-02   0.47748E-02
   43   0.29747E-02   0.45908E-02   0.81037E-02   0.66800E-02   0.40514E-02   0.61431E-02   0.52571E-02   0.50096E-02
   44   0.31175E-02   0.48112E-02   0.84862E-02   0.69944E-02   0.42445E-02   0.64330E-02   0.55066E-02   0.52500E-02
   45   0.32636E-02   0.50367E-02   0.88770E-02   0.73156E-02   0.44420E-02   0.67292E-02   0.57617E-02   0.54959E-02
   46   0.34130E-02   0.52672E-02   0.92760E-02   0.76435E-02   0.46438E-02   0.70316E-02   0.60222E-02   0.57474E-02
   47   0.35656E-02   0.55028E-02   0.96832E-02   0.79780E-02   0.48499E-02   0.73402E-02   0.62882E-02   0.60044E-02
   48   0.37216E-02   0.57435E-02   0.10099E-01   0.83192E-02   0.50604E-02   0.76550E-02   0.65597E-02   0.62669E-02
   49   0.38809E-02   0.59892E-02   0.10522E-01   0.86670E-02   0.52752E-02   0.79759E-02   0.68366E-02   0.65349E-02
   50   0.40434E-02   0.62400E-02   0.10953E-01   0.90213E-02   0.54942E-02   0.83030E-02   0.71189E-02   0.68084E-02
   51   0.42093E-02   0.64958E-02   0.11393E-01   0.93822E-02   0.57175E-02   0.86362E-02   0.74066E-02   0.70874E-02
   52   0.43784E-02   0.67566E-02   0.11840E-01   0.97495E-02   0.59451E-02   0.89754E-02   0.76997E-02   0.73718E-02
   53   0.45508E-02   0.70225E-02   0.12295E-01   0.10123E-01   0.61770E-02   0.93207E-02   0.79981E-02   0.76617E-02
   54   0.47264E-02   0.72933E-02   0.12758E-01   0.10503E-01   0.64130E-02   0.96719E-02   0.83018E-02   0.79570E-02
   55   0.49053E-02   0.75692E-02   0.13229E-01   0.10890E-01   0.66533E-02   0.10029E-01   0.86108E-02   0.82578E-02
   56   0.50875E-02   0.78501E-02   0.13708E-01   0.11283E-01   0.68978E-02   0.10392E-01   0.89250E-02   0.85640E-02
   57   0.52729E-02   0.81359E-02   0.14194E-01   0.11682E-01   0.71465E-02   0.10761E-01   0.92445E-02   0.88757E-02
   58   0.54616E-02   0.84268E-02   0.14688E-01   0.12087E-01   0.73993E-02   0.11136E-01   0.95692E-02   0.91927E-02
   59   0.56535E-02   0.87225E-02   0.15189E-01   0.12498E-01   0.76563E-02   0.11516E-01   0.98991E-02   0.95151E-02
   60   0.58487E-02   0.90233E-02   0.15698E-01   0.12916E-01   0.79175E-02   0.11903E-01   0.10234E-01   0.98430E-02
   61   0.60471E-02   0.93290E-02   0.16215E-01   0.13339E-01   0.81827E-02   0.12295E-01   0.10574E-01   0.10176E-01
   62   0.62487E-02   0.96396E-02   0.16739E-01   0.13769E-01   0.84521E-02   0.12692E-01   0.10920E-01   0.10515E-01
   63   0.64536E-02   0.99552E-02   0.17270E-01   0.14205E-01   0.87256E-02   0.13096E-01   0.11270E-01   0.10859E-01
   64   0.66616E-02   0.10276E-01   0.17808E-01   0.14646E-01   0.90032E-02   0.13505E-01   0.11625E-01   0.11208E-01
   65   0.68729E-02   0.10601E-01   0.18354E-01   0.15094E-01   0.92848E-02   0.13919E-01   0.11986E-01   0.11562E-01
   66   0.70874E-02   0.10931E-01   0.18907E-01   0.15547E-01   0.95704E-02   0.14339E-01   0.12351E-01   0.11922E-01
   67   0.73052E-02   0.11266E-01   0.19467E-01   0.16006E-01   0.98601E-02   0.14765E-01   0.12722E-01   0.12287E-01
   68   0.75261E-02   0.11606E-01   0.20034E-01   0.16471E-01   0.10154E-01   0.15196E-01   0.13097E-01   0.12658E-01
   69   0.77502E-02   0.11951E-01   0.20609E-01   0.16942E-01   0.10452E-01   0.15632E-01   0.13477E-01   0.13033E-01
   70   0.79775E-02   0.12301E-01   0.21190E-01   0.17418E-01   0.10753E-01   0.16074E-01   0.13862E-01   0.13414E-01
   71   0.82080E-02   0.12656E-01   0.21778E-01   0.17900E-01   0.11059E-01   0.16521E-01   0.14252E-01   0.13801E-01
   72   0.84417E-02   0.13015E-01   0.22373E-01   0.18387E-01   0.11368E-01   0.16974E-01   0.14647E-01   0.14192E-01
   73   0.86785E-02   0.13379E-01   0.22974E-01   0.18880E-01   0.11682E-01   0.17431E-01   0.15047E-01   0.14589E-01
   74   0.89185E-02   0.13748E-01   0.23583E-01   0.19379E-01   0.11999E-01   0.17894E-01   0.15451E-01   0.14991E-01
   75   0.91617E-02   0.14122E-01   0.24198E-01   0.19883E-01   0.12321E-01   0.18362E-01   0.15860E-01   0.15398E-01
   76   0.94081E-02   0.14501E-01   0.24820E-01   0.20392E-01   0.12646E-01   0.18835E-01   0.16274E-01   0.15810E-01
   77   0.96576E-02   0.14884E-01   0.25448E-01   0.20907E-01   0.12975E-01   0.19314E-01   0.16692E-01   0.16227E-01
   78   0.99102E-02   0.15272E-01   0.26083E-01   0.21427E-01   0.13308E-01   0.19797E-01   0.17116E-01   0.16650E-01
   79   0.10166E-01   0.15665E-01   0.26724E-01   0.21952E-01   0.13645E-01   0.20285E-01   0.17543E-01   0.17078E-01
   80   0.10425E-01   0.16063E-01   0.27372E-01   0.22482E-01   0.13985E-01   0.20778E-01   0.17976E-01   0.17510E-01
   81   0.10687E-01   0.16465E-01   0.28026E-01   0.23018E-01   0.14329E-01   0.21277E-01   0.18413E-01   0.17948E-01
   82   0.10952E-01   0.16872E-01   0.28686E-01   0.23558E-01   0.14677E-01   0.21780E-01   0.18854E-01   0.18391E-01
   83   0.11221E-01   0.17284E-01   0.29353E-01   0.24104E-01   0.15029E-01   0.22288E-01   0.19300E-01   0.18840E-01
   84   0.11492E-01   0.17701E-01   0.30025E-01   0.24655E-01   0.15385E-01   0.22800E-01   0.19750E-01   0.19293E-01
   85   0.11767E-01   0.18122E-01   0.30704E-01   0.25210E-01   0.15744E-01   0.23318E-01   0.20205E-01   0.19751E-01
   86   0.12044E-01   0.18548E-01   0.31389E-01   0.25771E-01   0.16107E-01   0.23840E-01   0.20664E-01   0.20214E-01
   87   0.12325E-01   0.18978E-01   0.32079E-01   0.26336E-01   0.16473E-01   0.24367E-01   0.21128E-01   0.20682E-01
   88   0.12609E-01   0.19413E-01   0.32776E-01   0.26907E-01   0.16844E-01   0.24898E-01   0.21596E-01   0.21156E-01
   89   0.12896E-01   0.19853E-01   0.33479E-01   0.27482E-01   0.17218E-01   0.25435E-01   0.22068E-01   0.21634E-01
   90   0.13186E-01   0.20297E-01   0.34187E-01   0.28061E-01   0.17595E-01   0.25975E-01   0.22545E-01   0.22117E-01
   91   0.13479E-01   0.20746E-01   0.34901E-01   0.28646E-01   0.17976E-01   0.26520E-01   0.23026E-01   0.22605E-01
   92   0.13775E-01   0.21200E-01   0.35621E-01   0.29235E-01   0.18361E-01   0.27070E-01   0.23511E-01   0.23099E-01
   93   0.14074E-01   0.21658E-01   0.36346E-01   0.29829E-01   0.18749E-01   0.27624E-01   0.24000E-01   0.23597E-01
   94   0.14376E-01   0.22121E-01   0.37077E-01   0.30427E-01   0.19141E-01   0.28183E-01   0.24494E-01   0.24100E-01
   95   0.14682E-01   0.22588E-01   0.37813E-01   0.31029E-01   0.19536E-01   0.28746E-01   0.24991E-01   0.24608E-01
   96   0.14990E-01   0.23060E-01   0.38555E-01   0.31637E-01   0.19935E-01   0.29313E-01   0.25493E-01   0.25120E-01
   97   0.15302E-01   0.23536E-01   0.39302E-01   0.32248E-01   0.20337E-01   0.29884E-01   0.25999E-01   0.25638E-01
   98   0.15616E-01   0.24017E-01   0.40055E-01   0.32864E-01   0.20743E-01   0.30460E-01   0.26509E-01   0.26160E-01
   99   0.15934E-01   0.24502E-01   0.40812E-01   0.33484E-01   0.21152E-01   0.31040E-01   0.27022E-01   0.26688E-01
  100   0.16254E-01   0.24992E-01   0.41575E-01   0.34109E-01   0.21565E-01   0.31624E-01   0.27540E-01   0.27220E-01
  101   0.16578E-01   0.25486E-01   0.42343E-01   0.34737E-01   0.21981E-01   0.32212E-01   0.28062E-01   0.27757E-01
  102   0.16904E-01   0.25985E-01   0.43116E-01   0.35370E-01   0.22400E-01   0.32804E-01   0.28587E-01   0.28298E-01
  103   0.17234E-01   0.26488E-01   0.43894E-01   0.36007E-01   0.22823E-01   0.33401E-01   0.29117E-01   0.28845E-01
  104   0.17566E-01   0.26996E-01   0.44677E-01   0.36648E-01   0.23249E-01   0.34001E-01   0.29650E-01   0.29396E-01
  105   0.17902E-01   0.27508E-01   0.45465E-01   0.37293E-01   0.23678E-01   0.34605E-01   0.30188E-01   0.29952E-01
  106   0.18240E-01   0.28024E-01   0.46258E-01   0.37942E-01   0.24111E-01   0.35213E-01   0.30729E-01   0.30512E-01
  107   0.18582E-01   0.28545E-01   0.47055E-01   0.38595E-01   0.24547E-01   0.35825E-01   0.31273E-01   0.31078E-01
  108   0.18926E-01   0.29070E-01   0.47857E-01   0.39251E-01   0.24986E-01   0.36441E-01   0.31822E-01   0.31648E-01
  109   0.19273E-01   0.29599E-01   0.48664E-01   0.39912E-01   0.25429E-01   0.37060E-01   0.32374E-01   0.32222E-01
  110   0.19624E-01   0.30133E-01   0.49475E-01   0.40577E-01   0.25874E-01   0.37684E-01   0.32930E-01   0.32802E-01
  111   0.19977E-01   0.30671E-01   0.50291E-01   0.41245E-01   0.26323E-01   0.38311E-01   0.33489E-01   0.33386E-01
  112   0.20333E-01   0.31214E-01   0.51111E-01   0.41917E-01   0.26775E-01   0.38941E-01   0.34052E-01   0.33974E-01
  113   0.20692E-01   0.31761E-01   0.51935E-01   0.42592E-01   0.27231E-01   0.39576E-01   0.34619E-01   0.34567E-01
  114   0.21055E-01   0.32312E-01   0.52764E-01   0.43271E-01   0.27689E-01   0.40214E-01   0.35189E-01   0.35165E-01
  115   0.21420E-01   0.32867E-01   0.53597E-01   0.43954E-01   0.28151E-01   0.40855E-01   0.35762E-01   0.35767E-01
  116   0.21788E-01   0.33426E-01   0.54434E-01   0.44640E-01   0.28615E-01   0.41500E-01   0.36339E-01   0.36374E-01
  117   0.22158E-01   0.33990E-01   0.55276E-01   0.45330E-01   0.29083E-01   0.42149E-01   0.36920E-01   0.36985E-01
  118   0.22532E-01   0.34558E-01   0.56121E-01   0.46023E-01   0.29554E-01   0.42800E-01   0.37504E-01   0.37600E-01
  119   0.22909E-01   0.35130E-01   0.56970E-01   0.46719E-01   0.30028E-01   0.43456E-01   0.38091E-01   0.38220E-01
  120   0.23288E-01   0.35706E-01   0.57824E-01   0.47419E-01   0.30505E-01   0.44114E-01   0.38682E-01   0.38845E-01
  121   0.23671E-01   0.36287E-01   0.58681E-01   0.48122E-01   0.30985E-01   0.44776E-01   0.39276E-01   0.39474E-01
  122   0.24056E-01   0.36871E-01   0.59542E-01   0.48829E-01   0.31467E-01   0.45441E-01   0.39873E-01   0.40107E-01
  123   0.24444E-01   0.37460E-01   0.60407E-01   0.49539E-01   0.31953E-01   0.46110E-01   0.40473E-01   0.40745E-01
  124   0.24835E-01   0.38053E-01   0.61275E-01   0.50251E-01   0.32442E-01   0.46781E-01   0.41077E-01   0.41387E-01
  125   0.25229E-01   0.38650E-01   0.62147E-01   0.50967E-01   0.32934E-01   0.47456E-01   0.41684E-01   0.42034E-01
  126   0.25626E-01   0.39251E-01   0.63022E-01   0.51686E-01   0.33429E-01   0.48134E-01   0.42294E-01   0.42685E-01
  127   0.26025E-01   0.39856E-01   0.63901E-01   0.52408E-01   0.33926E-01   0.48815E-01   0.42907E-01   0.43340E-01
  128   0.26428E-01   0.40465E-01   0.64784E-01   0.53133E-01   0.34427E-01   0.49499E-01   0.43523E-01   0.43999E-01
  129   0.26833E-01   0.41078E-01   0.65670E-01   0.53861E-01   0.34930E-01   0.50186E-01   0.44142E-01   0.44663E-01
  130   0.27241E-01   0.41695E-01   0.66559E-01   0.54592E-01   0.35436E-01   0.50876E-01   0.44764E-01   0.45331E-01
  131   0.27652E-01   0.42316E-01   0.67451E-01   0.55326E-01   0.35945E-01   0.51569E-01   0.45389E-01   0.46003E-01
  132   0.28066E-01   0.42942E-01   0.68347E-01   0.56062E-01   0.36457E-01   0.52265E-01   0.46017E-01   0.46679E-01
  133   0.28482E-01   0.43571E-01   0.69245E-01   0.56802E-01   0.36971E-01   0.52963E-01   0.46648E-01   0.47359E-01
  134   0.28901E-01   0.44204E-01   0.70147E-01   0.57544E-01   0.37488E-01   0.53665E-01   0.47282E-01   0.48044E-01
  135   0.29323E-01   0.44840E-01   0.71051E-01   0.58288E-01   0.38008E-01   0.54369E-01   0.47919E-01   0.48733E-01
  136   0.29748E-01   0.45481E-01   0.71959E-01   0.59036E-01   0.38531E-01   0.55076E-01   0.48559E-01   0.49426E-01
  137   0.30175E-01   0.46126E-01   0.72869E-01   0.59786E-01   0.39057E-01   0.55786E-01   0.49201E-01   0.50122E-01
  138   0.30606E-01   0.46774E-01   0.73783E-01   0.60538E-01   0.39585E-01   0.56498E-01   0.49846E-01   0.50823E-01
  139   0.31039E-01   0.47427E-01   0.74699E-01   0.61293E-01   0.40115E-01   0.57213E-01   0.50494E-01   0.51528E-01
  140   0.31475E-01   0.48083E-01   0.75617E-01   0.62051E-01   0.40649E-01   0.57931E-01   0.51144E-01   0.52237E-01
  141   0.31913E-01   0.48743E-01   0.76539E-01   0.62811E-01   0.41185E-01   0.58651E-01   0.51798E-01   0.52950E-01
  142   0.32354E-01   0.49407E-01   0.77463E-01   0.63573E-01   0.41723E-01   0.59373E-01   0.52453E-01   0.53667E-01
  143   0.32798E-01   0.50074E-01   0.78389E-01   0.64338E-01   0.42265E-01   0.60099E-01   0.53112E-01   0.54388E-01
  144   0.33245E-01   0.50745E-01   0.79318E-01   0.65105E-01   0.42808E-01   0.60826E-01   0.53773E-01   0.55113E-01
  145   0.33694E-01   0.51420E-01   0.80249E-01   0.65874E-01   0.43355E-01   0.61556E-01   0.54436E-01   0.55842E-01
  146   0.34146E-01   0.52099E-01   0.81183E-01   0.66646E-01   0.43904E-01   0.62288E-01   0.55102E-01   0.56574E-01
  147   0.34601E-01   0.52781E-01   0.82119E-01   0.67419E-01   0.44455E-01   0.63023E-01   0.55770E-01   0.57311E-01
  148   0.35058E-01   0.53467E-01   0.83057E-01   0.68195E-01   0.45009E-01   0.63760E-01   0.56441E-01   0.58051E-01
  149   0.35518E-01   0.54157E-01   0.83997E-01   0.68973E-01   0.45565E-01   0.64499E-01   0.57114E-01   0.58795E-01
  150   0.35981E-01   0.54850E-01   0.84940E-01   0.69753E-01   0.46124E-01   0.65241E-01   0.57790E-01   0.59543E-01
  151   0.36446E-01   0.55547E-01   0.85884E-01   0.70536E-01   0.46685E-01   0.65984E-01   0.58468E-01   0.60294E-01
  152   0.36914E-01   0.56248E-01   0.86831E-01   0.71320E-01   0.47248E-01   0.66730E-01   0.59148E-01   0.61050E-01
  153   0.37385E-01   0.56952E-01   0.87779E-01   0.72106E-01   0.47814E-01   0.67478E-01   0.59830E-01   0.61808E-01
  154   0.37858E-01   0.57659E-01   0.88730E-01   0.72894E-01   0.48383E-01   0.68228E-01   0.60515E-01   0.62571E-01
  155   0.38334E-01   0.58370E-01   0.89682E-01   0.73684E-01   0.48954E-01   0.68980E-01   0.61202E-01   0.63337E-01
  156   0.38812E-01   0.59085E-01   0.90637E-01   0.74475E-01   0.49527E-01   0.69734E-01   0.61891E-01   0.64107E-01
  157   0.39293E-01   0.59803E-01   0.91593E-01   0.75269E-01   0.50102E-01   0.70490E-01   0.62582E-01   0.64881E-01
  158   0.39777E-01   0.60524E-01   0.92551E-01   0.76064E-01   0.50680E-01   0.71248E-01   0.63275E-01   0.65658E-01
  159   0.40263E-01   0.61249E-01   0.93510E-01   0.76861E-01   0.51259E-01   0.72008E-01   0.63970E-01   0.66438E-01
  160   0.40752E-01   0.61978E-01   0.94471E-01   0.77660E-01   0.51842E-01   0.72770E-01   0.64667E-01   0.67223E-01
  161   0.41243E-01   0.62709E-01   0.95434E-01   0.78460E-01   0.52426E-01   0.73533E-01   0.65367E-01   0.68010E-01
  162   0.41737E-01   0.63445E-01   0.96399E-01   0.79262E-01   0.53013E-01   0.74299E-01   0.66068E-01   0.68801E-01
  163   0.42233E-01   0.64183E-01   0.97365E-01   0.80066E-01   0.53602E-01   0.75066E-01   0.66771E-01   0.69596E-01
  164   0.42732E-01   0.64925E-01   0.98332E-01   0.80871E-01   0.54193E-01   0.75835E-01   0.67476E-01   0.70394E-01
  165   0.43233E-01   0.65670E-01   0.99301E-01   0.81678E-01   0.54786E-01   0.76606E-01   0.68183E-01   0.71195E-01
  166   0.43737E-01   0.66418E-01   0.10027E+00   0.82486E-01   0.55381E-01   0.77378E-01   0.68892E-01   0.72000E-01
  167   0.44244E-01   0.67170E-01   0.10124E+00   0.83296E-01   0.55979E-01   0.78152E-01   0.69603E-01   0.72808E-01
  168   0.44753E-01   0.67925E-01   0.10222E+00   0.84107E-01   0.56578E-01   0.78928E-01   0.70315E-01   0.73619E-01
  169   0.45264E-01   0.68683E-01   0.10319E+00   0.84919E-01   0.57180E-01   0.79705E-01   0.71030E-01   0.74434E-01
  170   0.45778E-01   0.69444E-01   0.10417E+00   0.85733E-01   0.57784E-01   0.80484E-01   0.71746E-01   0.75252E-01
  171   0.46294E-01   0.70208E-01   0.10515E+00   0.86548E-01   0.58390E-01   0.81264E-01   0.72463E-01   0.76073E-01
  172   0.46813E-01   0.70976E-01   0.10612E+00   0.87364E-01   0.58998E-01   0.82046E-01   0.73182E-01   0.76898E-01
  173   0.47334E-01   0.71747E-01   0.10710E+00   0.88182E-01   0.59608E-01   0.82829E-01   0.73903E-01   0.77725E-01
  174   0.47858E-01   0.72521E-01   0.10809E+00   0.89001E-01   0.60220E-01   0.83614E-01   0.74626E-01   0.78556E-01
  175   0.48384E-01   0.73298E-01   0.10907E+00   0.89821E-01   0.60834E-01   0.84400E-01   0.75350E-01   0.79390E-01
  176   0.48912E-01   0.74078E-01   0.11005E+00   0.90642E-01   0.61449E-01   0.85188E-01   0.76075E-01   0.80227E-01
  177   0.49443E-01   0.74861E-01   0.11104E+00   0.91464E-01   0.62067E-01   0.85977E-01   0.76803E-01   0.81067E-01
  178   0.49976E-01   0.75647E-01   0.11202E+00   0.92288E-01   0.62687E-01   0.86767E-01   0.77531E-01   0.81911E-01
  179   0.50512E-01   0.76436E-01   0.11301E+00   0.93112E-01   0.63309E-01   0.87558E-01   0.78261E-01   0.82757E-01
  180   0.51050E-01   0.77228E-01   0.11400E+00   0.93938E-01   0.63932E-01   0.88351E-01   0.78993E-01   0.83606E-01
  181   0.51590E-01   0.78023E-01   0.11499E+00   0.94764E-01   0.64558E-01   0.89145E-01   0.79725E-01   0.84458E-01
  182   0.52133E-01   0.78821E-01   0.11598E+00   0.95592E-01   0.65185E-01   0.89940E-01   0.80460E-01   0.85314E-01
  183   0.52678E-01   0.79621E-01   0.11697E+00   0.96421E-01   0.65814E-01   0.90736E-01   0.81195E-01   0.86172E-01
  184   0.53226E-01   0.80425E-01   0.11796E+00   0.97250E-01   0.66445E-01   0.91534E-01   0.81932E-01   0.87033E-01
  185   0.53775E-01   0.81232E-01   0.11896E+00   0.98081E-01   0.67078E-01   0.92333E-01   0.82670E-01   0.87897E-01
  186   0.54327E-01   0.82041E-01   0.11995E+00   0.98912E-01   0.67713E-01   0.93132E-01   0.83410E-01   0.88764E-01
  187   0.54882E-01   0.82853E-01   0.12095E+00   0.99744E-01   0.68349E-01   0.93933E-01   0.84150E-01   0.89634E-01
  188   0.55438E-01   0.83668E-01   0.12194E+00   0.10058E+00   0.68987E-01   0.94735E-01   0.84892E-01   0.90507E-01
  189   0.55997E-01   0.84486E-01   0.12294E+00   0.10141E+00   0.69627E-01   0.95538E-01   0.85635E-01   0.91382E-01
  190   0.56558E-01   0.85307E-01   0.12394E+00   0.10225E+00   0.70269E-01   0.96342E-01   0.86379E-01   0.92260E-01
  191   0.57122E-01   0.86130E-01   0.12494E+00   0.10308E+00   0.70912E-01   0.97147E-01   0.87125E-01   0.93142E-01
  192   0.57687E-01   0.86956E-01   0.12594E+00   0.10392E+00   0.71557E-01   0.97953E-01   0.87871E-01   0.94025E-01
  193   0.58255E-01   0.87785E-01   0.12694E+00   0.10476E+00   0.72204E-01   0.98760E-01   0.88619E-01   0.94912E-01
  194   0.58825E-01   0.88617E-01   0.12794E+00   0.10559E+00   0.72852E-01   0.99568E-01   0.89367E-01   0.95801E-01
  195   0.59397E-01   0.89451E-01   0.12895E+00   0.10643E+00   0.73502E-01   0.10038E+00   0.90117E-01   0.96693E-01
  196   0.59972E-01   0.90288E-01   0.12995E+00   0.10727E+00   0.74154E-01   0.10119E+00   0.90867E-01   0.97588E-01
  197   0.60548E-01   0.91127E-01   0.13096E+00   0.10811E+00   0.74807E-01   0.10200E+00   0.91619E-01   0.98486E-01
  198   0.61127E-01   0.91969E-01   0.13196E+00   0.10895E+00   0.75462E-01   0.10281E+00   0.92372E-01   0.99386E-01
  199   0.61708E-01   0.92814E-01   0.13297E+00   0.10979E+00   0.76119E-01   0.10362E+00   0.93125E-01   0.10029E+00
  200   0.62291E-01   0.93661E-01   0.13398E+00   0.11063E+00   0.76777E-01   0.10443E+00   0.93879E-01   0.10119E+00
  201   0.62877E-01   0.94511E-01   0.13498E+00   0.11148E+00   0.77436E-01   0.10525E+00   0.94635E-01   0.10210E+00
  202   0.63464E-01   0.95363E-01   0.13599E+00   0.11232E+00   0.78097E-01   0.10606E+00   0.95391E-01   0.10301E+00
  203   0.64054E-01   0.96218E-01   0.13700E+00   0.11316E+00   0.78760E-01   0.10688E+00   0.96148E-01   0.10393E+00
  204   0.64645E-01   0.97076E-01   0.13801E+00   0.11401E+00   0.79424E-01   0.10769E+00   0.96906E-01   0.10484E+00
  205   0.65239E-01   0.97936E-01   0.13902E+00   0.11485E+00   0.80089E-01   0.10851E+00   0.97665E-01   0.10576E+00
  206   0.65835E-01   0.98798E-01   0.14003E+00   0.11570E+00   0.80756E-01   0.10933E+00   0.98424E-01   0.10668E+00
  207   0.66433E-01   0.99663E-01   0.14105E+00   0.11654E+00   0.81425E-01   0.11015E+00   0.99185E-01   0.10761E+00
  208   0.67033E-01   0.10053E+00   0.14206E+00   0.11739E+00   0.82095E-01   0.11097E+00   0.99946E-01   0.10853E+00
  209   0.67635E-01   0.10140E+00   0.14307E+00   0.11824E+00   0.82766E-01   0.11179E+00   0.10071E+00   0.10946E+00
  210   0.68239E-01   0.10227E+00   0.14409E+00   0.11909E+00   0.83439E-01   0.11261E+00   0.10147E+00   0.11039E+00
  211   0.68845E-01   0.10315E+00   0.14510E+00   0.11993E+00   0.84113E-01   0.11343E+00   0.10223E+00   0.11132E+00
  212   0.69453E-01   0.10403E+00   0.14612E+00   0.12078E+00   0.84788E-01   0.11425E+00   0.10300E+00   0.11226E+00
  213   0.70063E-01   0.10490E+00   0.14713E+00   0.12163E+00   0.85465E-01   0.11507E+00   0.10376E+00   0.11320E+00
  214   0.70675E-01   0.10579E+00   0.14815E+00   0.12248E+00   0.86143E-01   0.11589E+00   0.10453E+00   0.11414E+00
  215   0.71289E-01   0.10667E+00   0.14917E+00   0.12333E+00   0.86823E-01   0.11672E+00   0.10530E+00   0.11508E+00
  216   0.71905E-01   0.10756E+00   0.15019E+00   0.12418E+00   0.87504E-01   0.11754E+00   0.10606E+00   0.11603E+00
  217   0.72523E-01   0.10845E+00   0.15120E+00   0.12503E+00   0.88186E-01   0.11837E+00   0.10683E+00   0.11698E+00
  218   0.73143E-01   0.10934E+00   0.15222E+00   0.12588E+00   0.88869E-01   0.11919E+00   0.10760E+00   0.11793E+00
  219   0.73765E-01   0.11023E+00   0.15324E+00   0.12673E+00   0.89554E-01   0.12002E+00   0.10837E+00   0.11888E+00
  220   0.74389E-01   0.11113E+00   0.15426E+00   0.12758E+00   0.90240E-01   0.12084E+00   0.10914E+00   0.11984E+00
  221   0.75014E-01   0.11203E+00   0.15528E+00   0.12843E+00   0.90927E-01   0.12167E+00   0.10991E+00   0.12080E+00
  222   0.75642E-01   0.11293E+00   0.15630E+00   0.12929E+00   0.91616E-01   0.12250E+00   0.11068E+00   0.12176E+00
  223   0.76271E-01   0.11383E+00   0.15732E+00   0.13014E+00   0.92306E-01   0.12333E+00   0.11145E+00   0.12272E+00
  224   0.76903E-01   0.11474E+00   0.15834E+00   0.13099E+00   0.92997E-01   0.12415E+00   0.11222E+00   0.12369E+00
  225   0.77536E-01   0.11565E+00   0.15937E+00   0.13184E+00   0.93689E-01   0.12498E+00   0.11299E+00   0.12466E+00
  226   0.78171E-01   0.11656E+00   0.16039E+00   0.13270E+00   0.94382E-01   0.12581E+00   0.11377E+00   0.12563E+00
  227   0.78808E-01   0.11747E+00   0.16141E+00   0.13355E+00   0.95077E-01   0.12664E+00   0.11454E+00   0.12660E+00
  228   0.79447E-01   0.11838E+00   0.16243E+00   0.13440E+00   0.95772E-01   0.12747E+00   0.11532E+00   0.12758E+00
  229   0.80087E-01   0.11930E+00   0.16346E+00   0.13526E+00   0.96469E-01   0.12830E+00   0.11609E+00   0.12855E+00
  230   0.80730E-01   0.12022E+00   0.16448E+00   0.13611E+00   0.97167E-01   0.12913E+00   0.11687E+00   0.12953E+00
  231   0.81374E-01   0.12114E+00   0.16550E+00   0.13697E+00   0.97866E-01   0.12996E+00   0.11764E+00   0.13052E+00
  232   0.82020E-01   0.12207E+00   0.16653E+00   0.13782E+00   0.98566E-01   0.13079E+00   0.11842E+00   0.13150E+00
  233   0.82667E-01   0.12299E+00   0.16755E+00   0.13867E+00   0.99268E-01   0.13163E+00   0.11920E+00   0.13249E+00
  234   0.83317E-01   0.12392E+00   0.16858E+00   0.13953E+00   0.99970E-01   0.13246E+00   0.11997E+00   0.13348E+00
  235   0.83968E-01   0.12485E+00   0.16960E+00   0.14038E+00   0.10067E+00   0.13329E+00   0.12075E+00   0.13447E+00
  236   0.84621E-01   0.12579E+00   0.17062E+00   0.14124E+00   0.10138E+00   0.13412E+00   0.12153E+00   0.13547E+00
  237   0.85276E-01   0.12672E+00   0.17165E+00   0.14209E+00   0.10208E+00   0.13496E+00   0.12231E+00   0.13646E+00
  238   0.85932E-01   0.12766E+00   0.17267E+00   0.14295E+00   0.10279E+00   0.13579E+00   0.12309E+00   0.13746E+00
  239   0.86590E-01   0.12860E+00   0.17370E+00   0.14380E+00   0.10350E+00   0.13662E+00   0.12387E+00   0.13846E+00
  240   0.87250E-01   0.12954E+00   0.17473E+00   0.14466E+00   0.10421E+00   0.13746E+00   0.12465E+00   0.13947E+00
  241   0.87912E-01   0.13049E+00   0.17575E+00   0.14552E+00   0.10492E+00   0.13829E+00   0.12543E+00   0.14047E+00
  242   0.88575E-01   0.13143E+00   0.17678E+00   0.14637E+00   0.10563E+00   0.13913E+00   0.12621E+00   0.14148E+00
  243   0.89240E-01   0.13238E+00   0.17780E+00   0.14723E+00   0.10634E+00   0.13996E+00   0.12699E+00   0.14249E+00
  244   0.89906E-01   0.13333E+00   0.17883E+00   0.14808E+00   0.10705E+00   0.14080E+00   0.12777E+00   0.14350E+00
  245   0.90574E-01   0.13429E+00   0.17985E+00   0.14894E+00   0.10777E+00   0.14163E+00   0.12856E+00   0.14452E+00
  246   0.91244E-01   0.13524E+00   0.18088E+00   0.14979E+00   0.10848E+00   0.14247E+00   0.12934E+00   0.14554E+00
  247   0.91915E-01   0.13620E+00   0.18191E+00   0.15065E+00   0.10920E+00   0.14330E+00   0.13012E+00   0.14656E+00
  248   0.92588E-01   0.13716E+00   0.18293E+00   0.15150E+00   0.10991E+00   0.14414E+00   0.13091E+00   0.14758E+00
  249   0.93263E-01   0.13812E+00   0.18396E+00   0.15236E+00   0.11063E+00   0.14497E+00   0.13169E+00   0.14860E+00
  250   0.93939E-01   0.13909E+00   0.18498E+00   0.15322E+00   0.11135E+00   0.14581E+00   0.13247E+00   0.14963E+00
  251   0.94617E-01   0.14005E+00   0.18601E+00   0.15407E+00   0.11207E+00   0.14665E+00   0.13326E+00   0.15066E+00
  252   0.95297E-01   0.14102E+00   0.18703E+00   0.15493E+00   0.11279E+00   0.14748E+00   0.13404E+00   0.15169E+00
  253   0.95978E-01   0.14199E+00   0.18806E+00   0.15578E+00   0.11351E+00   0.14832E+00   0.13483E+00   0.15272E+00
  254   0.96660E-01   0.14296E+00   0.18908E+00   0.15664E+00   0.11424E+00   0.14915E+00   0.13562E+00   0.15376E+00
  255   0.97344E-01   0.14394E+00   0.19011E+00   0.15749E+00   0.11496E+00   0.14999E+00   0.13640E+00   0.15480E+00
  256   0.98030E-01   0.14492E+00   0.19113E+00   0.15835E+00   0.11568E+00   0.15083E+00   0.13719E+00   0.15584E+00
  257   0.98717E-01   0.14590E+00   0.19216E+00   0.15920E+00   0.11641E+00   0.15166E+00   0.13798E+00   0.15688E+00
  258   0.99406E-01   0.14688E+00   0.19318E+00   0.16006E+00   0.11713E+00   0.15250E+00   0.13876E+00   0.15792E+00
  259   0.10010E+00   0.14786E+00   0.19421E+00   0.16091E+00   0.11786E+00   0.15334E+00   0.13955E+00   0.15897E+00
  260   0.10079E+00   0.14885E+00   0.19523E+00   0.16177E+00   0.11859E+00   0.15417E+00   0.14034E+00   0.16002E+00
  261   0.10148E+00   0.14983E+00   0.19626E+00   0.16262E+00   0.11932E+00   0.15501E+00   0.14113E+00   0.16107E+00
  262   0.10218E+00   0.15082E+00   0.19728E+00   0.16347E+00   0.12005E+00   0.15585E+00   0.14192E+00   0.16212E+00
  263   0.10287E+00   0.15182E+00   0.19830E+00   0.16433E+00   0.12078E+00   0.15669E+00   0.14270E+00   0.16318E+00
  264   0.10357E+00   0.15281E+00   0.19933E+00   0.16518E+00   0.12151E+00   0.15752E+00   0.14349E+00   0.16424E+00
  265   0.10427E+00   0.15381E+00   0.20035E+00   0.16604E+00   0.12224E+00   0.15836E+00   0.14428E+00   0.16530E+00
  266   0.10497E+00   0.15481E+00   0.20137E+00   0.16689E+00   0.12297E+00   0.15920E+00   0.14507E+00   0.16636E+00
  267   0.10567E+00   0.15581E+00   0.20239E+00   0.16774E+00   0.12371E+00   0.16003E+00   0.14586E+00   0.16742E+00
  268   0.10638E+00   0.15681E+00   0.20341E+00   0.16859E+00   0.12444E+00   0.16087E+00   0.14665E+00   0.16849E+00
  269   0.10708E+00   0.15781E+00   0.20443E+00   0.16945E+00   0.12518E+00   0.16171E+00   0.14744E+00   0.16956E+00
  270   0.10779E+00   0.15882E+00   0.20546E+00   0.17030E+00   0.12591E+00   0.16254E+00   0.14823E+00   0.17063E+00
  271   0.10850E+00   0.15983E+00   0.20648E+00   0.17115E+00   0.12665E+00   0.16338E+00   0.14902E+00   0.17170E+00
  272   0.10921E+00   0.16084E+00   0.20749E+00   0.17200E+00   0.12739E+00   0.16422E+00   0.14981E+00   0.17278E+00
  273   0.10992E+00   0.16185E+00   0.20851E+00   0.17285E+00   0.12813E+00   0.16505E+00   0.15061E+00   0.17385E+00
  274   0.11063E+00   0.16287E+00   0.20953E+00   0.17371E+00   0.12887E+00   0.16589E+00   0.15140E+00   0.17493E+00
  275   0.11134E+00   0.16389E+00   0.21055E+00   0.17456E+00   0.12961E+00   0.16672E+00   0.15219E+00   0.17601E+00
  276   0.11206E+00   0.16491E+00   0.21157E+00   0.17541E+00   0.13035E+00   0.16756E+00   0.15298E+00   0.17710E+00
  277   0.11277E+00   0.16593E+00   0.21258E+00   0.17626E+00   0.13109E+00   0.16840E+00   0.15377E+00   0.17818E+00
  278   0.11349E+00   0.16695E+00   0.21360E+00   0.17711E+00   0.13183E+00   0.16923E+00   0.15456E+00   0.17927E+00
  279   0.11421E+00   0.16798E+00   0.21462E+00   0.17795E+00   0.13258E+00   0.17007E+00   0.15536E+00   0.18036E+00
  280   0.11493E+00   0.16900E+00   0.21563E+00   0.17880E+00   0.13332E+00   0.17090E+00   0.15615E+00   0.18145E+00
  281   0.11565E+00   0.17003E+00   0.21665E+00   0.17965E+00   0.13406E+00   0.17174E+00   0.15694E+00   0.18255E+00
  282   0.11638E+00   0.17107E+00   0.21766E+00   0.18050E+00   0.13481E+00   0.17257E+00   0.15773E+00   0.18364E+00
  283   0.11710E+00   0.17210E+00   0.21867E+00   0.18135E+00   0.13555E+00   0.17341E+00   0.15853E+00   0.18474E+00
  284   0.11783E+00   0.17313E+00   0.21968E+00   0.18219E+00   0.13630E+00   0.17424E+00   0.15932E+00   0.18584E+00
  285   0.11856E+00   0.17417E+00   0.22069E+00   0.18304E+00   0.13705E+00   0.17507E+00   0.16011E+00   0.18694E+00
  286   0.11929E+00   0.17521E+00   0.22171E+00   0.18389E+00   0.13780E+00   0.17591E+00   0.16091E+00   0.18805E+00
  287   0.12002E+00   0.17625E+00   0.22271E+00   0.18473E+00   0.13855E+00   0.17674E+00   0.16170E+00   0.18915E+00
  288   0.12075E+00   0.17730E+00   0.22372E+00   0.18558E+00   0.13930E+00   0.17757E+00   0.16249E+00   0.19026E+00
  289   0.12148E+00   0.17834E+00   0.22473E+00   0.18642E+00   0.14005E+00   0.17841E+00   0.16329E+00   0.19137E+00
  290   0.12222E+00   0.17939E+00   0.22574E+00   0.18727E+00   0.14080E+00   0.17924E+00   0.16408E+00   0.19248E+00
  291   0.12295E+00   0.18044E+00   0.22675E+00   0.18811E+00   0.14155E+00   0.18007E+00   0.16487E+00   0.19360E+00
  292   0.12369E+00   0.18149E+00   0.22775E+00   0.18895E+00   0.14230E+00   0.18090E+00   0.16567E+00   0.19471E+00
  293   0.12443E+00   0.18255E+00   0.22876E+00   0.18980E+00   0.14305E+00   0.18173E+00   0.16646E+00   0.19583E+00
  294   0.12517E+00   0.18360E+00   0.22976E+00   0.19064E+00   0.14381E+00   0.18257E+00   0.16726E+00   0.19695E+00
  295   0.12591E+00   0.18466E+00   0.23076E+00   0.19148E+00   0.14456E+00   0.18340E+00   0.16805E+00   0.19807E+00
  296   0.12665E+00   0.18572E+00   0.23176E+00   0.19232E+00   0.14531E+00   0.18423E+00   0.16884E+00   0.19920E+00
  297   0.12740E+00   0.18678E+00   0.23276E+00   0.19316E+00   0.14607E+00   0.18506E+00   0.16964E+00   0.20032E+00
  298   0.12814E+00   0.18784E+00   0.23376E+00   0.19400E+00   0.14683E+00   0.18589E+00   0.17043E+00   0.20145E+00
  299   0.12889E+00   0.18891E+00   0.23476E+00   0.19484E+00   0.14758E+00   0.18672E+00   0.17122E+00   0.20258E+00
  300   0.12964E+00   0.18997E+00   0.23576E+00   0.19568E+00   0.14834E+00   0.18754E+00   0.17202E+00   0.20371E+00
  301   0.13038E+00   0.19104E+00   0.23675E+00   0.19652E+00   0.14910E+00   0.18837E+00   0.17281E+00   0.20485E+00
  302   0.13113E+00   0.19211E+00   0.23775E+00   0.19735E+00   0.14986E+00   0.18920E+00   0.17361E+00   0.20598E+00
  303   0.13189E+00   0.19319E+00   0.23874E+00   0.19819E+00   0.15061E+00   0.19003E+00   0.17440E+00   0.20712E+00
  304   0.13264E+00   0.19426E+00   0.23974E+00   0.19903E+00   0.15137E+00   0.19086E+00   0.17519E+00   0.20826E+00
  305   0.13339E+00   0.19534E+00   0.24073E+00   0.19986E+00   0.15213E+00   0.19168E+00   0.17599E+00   0.20940E+00
  306   0.13415E+00   0.19642E+00   0.24172E+00   0.20070E+00   0.15289E+00   0.19251E+00   0.17678E+00   0.21054E+00
  307   0.13491E+00   0.19750E+00   0.24271E+00   0.20153E+00   0.15366E+00   0.19333E+00   0.17758E+00   0.21169E+00
  308   0.13566E+00   0.19858E+00   0.24369E+00   0.20236E+00   0.15442E+00   0.19416E+00   0.17837E+00   0.21284E+00
  309   0.13642E+00   0.19966E+00   0.24468E+00   0.20319E+00   0.15518E+00   0.19498E+00   0.17916E+00   0.21398E+00
  310   0.13718E+00   0.20075E+00   0.24567E+00   0.20403E+00   0.15594E+00   0.19581E+00   0.17996E+00   0.21513E+00
  311   0.13795E+00   0.20184E+00   0.24665E+00   0.20486E+00   0.15671E+00   0.19663E+00   0.18075E+00   0.21629E+00
  312   0.13871E+00   0.20293E+00   0.24763E+00   0.20569E+00   0.15747E+00   0.19745E+00   0.18154E+00   0.21744E+00
  313   0.13947E+00   0.20402E+00   0.24861E+00   0.20652E+00   0.15823E+00   0.19827E+00   0.18234E+00   0.21860E+00
  314   0.14024E+00   0.20511E+00   0.24959E+00   0.20734E+00   0.15900E+00   0.19910E+00   0.18313E+00   0.21975E+00
  315   0.14101E+00   0.20621E+00   0.25057E+00   0.20817E+00   0.15976E+00   0.19992E+00   0.18392E+00   0.22091E+00
  316   0.14178E+00   0.20730E+00   0.25155E+00   0.20900E+00   0.16053E+00   0.20074E+00   0.18472E+00   0.22208E+00
  317   0.14254E+00   0.20840E+00   0.25252E+00   0.20983E+00   0.16130E+00   0.20156E+00   0.18551E+00   0.22324E+00
  318   0.14332E+00   0.20950E+00   0.25350E+00   0.21065E+00   0.16206E+00   0.20238E+00   0.18630E+00   0.22440E+00
  319   0.14409E+00   0.21061E+00   0.25447E+00   0.21147E+00   0.16283E+00   0.20319E+00   0.18709E+00   0.22557E+00
  320   0.14486E+00   0.21171E+00   0.25544E+00   0.21230E+00   0.16360E+00   0.20401E+00   0.18789E+00   0.22674E+00
  321   0.14563E+00   0.21282E+00   0.25641E+00   0.21312E+00   0.16437E+00   0.20483E+00   0.18868E+00   0.22791E+00
  322   0.14641E+00   0.21392E+00   0.25738E+00   0.21394E+00   0.16513E+00   0.20565E+00   0.18947E+00   0.22908E+00
  323   0.14719E+00   0.21503E+00   0.25834E+00   0.21476E+00   0.16590E+00   0.20646E+00   0.19026E+00   0.23025E+00
  324   0.14797E+00   0.21615E+00   0.25931E+00   0.21558E+00   0.16667E+00   0.20728E+00   0.19105E+00   0.23143E+00
  325   0.14874E+00   0.21726E+00   0.26027E+00   0.21640E+00   0.16744E+00   0.20809E+00   0.19185E+00   0.23260E+00
  326   0.14952E+00   0.21837E+00   0.26123E+00   0.21722E+00   0.16821E+00   0.20890E+00   0.19264E+00   0.23378E+00
  327   0.15031E+00   0.21949E+00   0.26219E+00   0.21804E+00   0.16898E+00   0.20972E+00   0.19343E+00   0.23496E+00
  328   0.15109E+00   0.22061E+00   0.26315E+00   0.21886E+00   0.16975E+00   0.21053E+00   0.19422E+00   0.23614E+00
  329   0.15187E+00   0.22173E+00   0.26410E+00   0.21967E+00   0.17053E+00   0.21134E+00   0.19501E+00   0.23733E+00
  330   0.15266E+00   0.22285E+00   0.26506E+00   0.22048E+00   0.17130E+00   0.21215E+00   0.19580E+00   0.23851E+00
  331   0.15344E+00   0.22397E+00   0.26601E+00   0.22130E+00   0.17207E+00   0.21296E+00   0.19659E+00   0.23970E+00
  332   0.15423E+00   0.22510E+00   0.26696E+00   0.22211E+00   0.17284E+00   0.21377E+00   0.19738E+00   0.24089E+00
  333   0.15502E+00   0.22622E+00   0.26791E+00   0.22292E+00   0.17362E+00   0.21458E+00   0.19817E+00   0.24208E+00
  334   0.15581E+00   0.22735E+00   0.26886E+00   0.22373E+00   0.17439E+00   0.21539E+00   0.19896E+00   0.24327E+00
  335   0.15660E+00   0.22848E+00   0.26980E+00   0.22454E+00   0.17516E+00   0.21619E+00   0.19975E+00   0.24446E+00
  336   0.15739E+00   0.22962E+00   0.27074E+00   0.22535E+00   0.17594E+00   0.21700E+00   0.20054E+00   0.24566E+00
  337   0.15819E+00   0.23075E+00   0.27168E+00   0.22616E+00   0.17671E+00   0.21780E+00   0.20132E+00   0.24685E+00
  338   0.15898E+00   0.23188E+00   0.27262E+00   0.22696E+00   0.17749E+00   0.21861E+00   0.20211E+00   0.24805E+00
  339   0.15978E+00   0.23302E+00   0.27356E+00   0.22777E+00   0.17826E+00   0.21941E+00   0.20290E+00   0.24925E+00
  340   0.16057E+00   0.23416E+00   0.27449E+00   0.22857E+00   0.17904E+00   0.22021E+00   0.20369E+00   0.25045E+00
  341   0.16137E+00   0.23530E+00   0.27543E+00   0.22938E+00   0.17981E+00   0.22101E+00   0.20447E+00   0.25165E+00
  342   0.16217E+00   0.23644E+00   0.27636E+00   0.23018E+00   0.18059E+00   0.22181E+00   0.20526E+00   0.25286E+00
  343   0.16297E+00   0.23758E+00   0.27728E+00   0.23098E+00   0.18137E+00   0.22261E+00   0.20605E+00   0.25406E+00
  344   0.16377E+00   0.23873E+00   0.27821E+00   0.23178E+00   0.18214E+00   0.22341E+00   0.20683E+00   0.25527E+00
  345   0.16458E+00   0.23987E+00   0.27913E+00   0.23258E+00   0.18292E+00   0.22421E+00   0.20762E+00   0.25647E+00
  346   0.16538E+00   0.24102E+00   0.28006E+00   0.23338E+00   0.18370E+00   0.22501E+00   0.20840E+00   0.25768E+00
  347   0.16618E+00   0.24217E+00   0.28098E+00   0.23417E+00   0.18448E+00   0.22580E+00   0.20919E+00   0.25890E+00
  348   0.16699E+00   0.24332E+00   0.28189E+00   0.23497E+00   0.18525E+00   0.22660E+00   0.20997E+00   0.26011E+00
  349   0.16780E+00   0.24448E+00   0.28281E+00   0.23576E+00   0.18603E+00   0.22739E+00   0.21076E+00   0.26132E+00
  350   0.16860E+00   0.24563E+00   0.28372E+00   0.23656E+00   0.18681E+00   0.22818E+00   0.21154E+00   0.26254E+00
  351   0.16941E+00   0.24679E+00   0.28463E+00   0.23735E+00   0.18759E+00   0.22898E+00   0.21232E+00   0.26375E+00
  352   0.17022E+00   0.24794E+00   0.28554E+00   0.23814E+00   0.18837E+00   0.22977E+00   0.21310E+00   0.26497E+00
  353   0.17103E+00   0.24910E+00   0.28644E+00   0.23893E+00   0.18915E+00   0.23056E+00   0.21389E+00   0.26619E+00
  354   0.17185E+00   0.25026E+00   0.28735E+00   0.23972E+00   0.18993E+00   0.23134E+00   0.21467E+00   0.26741E+00
  355   0.17266E+00   0.25142E+00   0.28825E+00   0.24050E+00   0.19071E+00   0.23213E+00   0.21545E+00   0.26863E+00
  356   0.17347E+00   0.25259E+00   0.28914E+00   0.24129E+00   0.19149E+00   0.23292E+00   0.21623E+00   0.26985E+00
  357   0.17429E+00   0.25375E+00   0.29004E+00   0.24207E+00   0.19227E+00   0.23370E+00   0.21701E+00   0.27108E+00
  358   0.17511E+00   0.25492E+00   0.29093E+00   0.24286E+00   0.19305E+00   0.23449E+00   0.21779E+00   0.27230E+00
  359   0.17592E+00   0.25609E+00   0.29182E+00   0.24364E+00   0.19383E+00   0.23527E+00   0.21857E+00   0.27353E+00
  360   0.17674E+00   0.25725E+00   0.29271E+00   0.24442E+00   0.19461E+00   0.23605E+00   0.21935E+00   0.27476E+00
  361   0.17756E+00   0.25842E+00   0.29360E+00   0.24520E+00   0.19539E+00   0.23684E+00   0.22013E+00   0.27599E+00
  362   0.17838E+00   0.25960E+00   0.29448E+00   0.24598E+00   0.19617E+00   0.23762E+00   0.22090E+00   0.27722E+00
  363   0.17921E+00   0.26077E+00   0.29537E+00   0.24676E+00   0.19695E+00   0.23839E+00   0.22168E+00   0.27845E+00
  364   0.18003E+00   0.26194E+00   0.29625E+00   0.24753E+00   0.19773E+00   0.23917E+00   0.22246E+00   0.27968E+00
  365   0.18085E+00   0.26312E+00   0.29712E+00   0.24831E+00   0.19852E+00   0.23995E+00   0.22323E+00   0.28092E+00
  366   0.18168E+00   0.26430E+00   0.29800E+00   0.24908E+00   0.19930E+00   0.24072E+00   0.22401E+00   0.28215E+00
  367   0.18250E+00   0.26548E+00   0.29887E+00   0.24985E+00   0.20008E+00   0.24150E+00   0.22478E+00   0.28339E+00
  368   0.18333E+00   0.26666E+00   0.29975E+00   0.25062E+00   0.20086E+00   0.24227E+00   0.22556E+00   0.28462E+00
  369   0.18416E+00   0.26784E+00   0.30062E+00   0.25139E+00   0.20164E+00   0.24304E+00   0.22633E+00   0.28586E+00
  370   0.18499E+00   0.26902E+00   0.30149E+00   0.25216E+00   0.20243E+00   0.24381E+00   0.22710E+00   0.28710E+00
  371   0.18582E+00   0.27021E+00   0.30237E+00   0.25292E+00   0.20321E+00   0.24458E+00   0.22788E+00   0.28834E+00
  372   0.18665E+00   0.27139E+00   0.30324E+00   0.25369E+00   0.20399E+00   0.24535E+00   0.22865E+00   0.28958E+00
  373   0.18748E+00   0.27258E+00   0.30411E+00   0.25445E+00   0.20477E+00   0.24612E+00   0.22942E+00   0.29083E+00
  374   0.18831E+00   0.27377E+00   0.30499E+00   0.25521E+00   0.20556E+00   0.24688E+00   0.23019E+00   0.29207E+00
  375   0.18915E+00   0.27496E+00   0.30587E+00   0.25597E+00   0.20634E+00   0.24765E+00   0.23096E+00   0.29332E+00
  376   0.18998E+00   0.27615E+00   0.30676E+00   0.25673E+00   0.20712E+00   0.24841E+00   0.23173E+00   0.29456E+00
  377   0.19082E+00   0.27734E+00   0.30765E+00   0.25749E+00   0.20790E+00   0.24917E+00   0.23250E+00   0.29581E+00
  378   0.19166E+00   0.27853E+00   0.30853E+00   0.25825E+00   0.20869E+00   0.24993E+00   0.23327E+00   0.29706E+00
  379   0.19249E+00   0.27973E+00   0.30942E+00   0.25900E+00   0.20947E+00   0.25069E+00   0.23403E+00   0.29831E+00
  380   0.19333E+00   0.28092E+00   0.31031E+00   0.25975E+00   0.21025E+00   0.25145E+00   0.23480E+00   0.29957E+00
  381   0.19417E+00   0.28212E+00   0.31119E+00   0.26051E+00   0.21104E+00   0.25220E+00   0.23557E+00   0.30082E+00
  382   0.19501E+00   0.28332E+00   0.31208E+00   0.26126E+00   0.21182E+00   0.25296E+00   0.23633E+00   0.30208E+00
  383   0.19586E+00   0.28452E+00   0.31296E+00   0.26200E+00   0.21260E+00   0.25371E+00   0.23709E+00   0.30335E+00
  384   0.19670E+00   0.28572E+00   0.31383E+00   0.26275E+00   0.21339E+00   0.25447E+00   0.23786E+00   0.30462E+00
  385   0.19754E+00   0.28692E+00   0.31470E+00   0.26350E+00   0.21417E+00   0.25522E+00   0.23862E+00   0.30590E+00
  386   0.19839E+00   0.28812E+00   0.31556E+00   0.26424E+00   0.21495E+00   0.25597E+00   0.23938E+00   0.30719E+00
  387   0.19923E+00   0.28932E+00   0.31642E+00   0.26498E+00   0.21574E+00   0.25671E+00   0.24014E+00   0.30849E+00
  388   0.20008E+00   0.29053E+00   0.31728E+00   0.26572E+00   0.21652E+00   0.25746E+00   0.24090E+00   0.30979E+00
  389   0.20093E+00   0.29173E+00   0.31813E+00   0.26646E+00   0.21730E+00   0.25821E+00   0.24166E+00   0.31110E+00
  390   0.20177E+00   0.29294E+00   0.31897E+00   0.26720E+00   0.21809E+00   0.25895E+00   0.24242E+00   0.31240E+00
  391   0.20262E+00   0.29415E+00   0.31981E+00   0.26794E+00   0.21887E+00   0.25969E+00   0.24318E+00   0.31371E+00
  392   0.20347E+00   0.29536E+00   0.32065E+00   0.26867E+00   0.21965E+00   0.26043E+00   0.24394E+00   0.31501E+00
  393   0.20433E+00   0.29658E+00   0.32148E+00   0.26941E+00   0.22043E+00   0.26117E+00   0.24469E+00   0.31631E+00
  394   0.20518E+00   0.29779E+00   0.32230E+00   0.27014E+00   0.22122E+00   0.26191E+00   0.24545E+00   0.31761E+00
  395   0.20603E+00   0.29901E+00   0.32312E+00   0.27087E+00   0.22200E+00   0.26265E+00   0.24621E+00   0.31891E+00
  396   0.20688E+00   0.30023E+00   0.32394E+00   0.27160E+00   0.22278E+00   0.26338E+00   0.24696E+00   0.32021E+00
  397   0.20774E+00   0.30145E+00   0.32475E+00   0.27232E+00   0.22357E+00   0.26411E+00   0.24771E+00   0.32150E+00
  398   0.20859E+00   0.30267E+00   0.32556E+00   0.27305E+00   0.22435E+00   0.26485E+00   0.24846E+00   0.32280E+00
  399   0.20945E+00   0.30391E+00   0.32636E+00   0.27377E+00   0.22513E+00   0.26558E+00   0.24922E+00   0.32409E+00
  400   0.21031E+00   0.30515E+00   0.32716E+00   0.27449E+00   0.22591E+00   0.26630E+00   0.24997E+00   0.32539E+00
  401   0.21116E+00   0.30639E+00   0.32795E+00   0.27521E+00   0.22670E+00   0.26703E+00   0.25072E+00   0.32668E+00
  402   0.21202E+00   0.30765E+00   0.32874E+00   0.27593E+00   0.22748E+00   0.26776E+00   0.25146E+00   0.32797E+00
  403   0.21288E+00   0.30891E+00   0.32952E+00   0.27664E+00   0.22826E+00   0.26848E+00   0.25221E+00   0.32925E+00
  404   0.21374E+00   0.31018E+00   0.33030E+00   0.27736E+00   0.22904E+00   0.26920E+00   0.25296E+00   0.33054E+00
  405   0.21461E+00   0.31145E+00   0.33108E+00   0.27807E+00   0.22983E+00   0.26992E+00   0.25370E+00   0.33183E+00
  406   0.21547E+00   0.31271E+00   0.33185E+00   0.27878E+00   0.23061E+00   0.27064E+00   0.25445E+00   0.33311E+00
  407   0.21633E+00   0.31398E+00   0.33261E+00   0.27949E+00   0.23139E+00   0.27136E+00   0.25519E+00   0.33439E+00
  408   0.21719E+00   0.31525E+00   0.33337E+00   0.28020E+00   0.23217E+00   0.27208E+00   0.25593E+00   0.33567E+00
  409   0.21806E+00   0.31651E+00   0.33413E+00   0.28091E+00   0.23295E+00   0.27279E+00   0.25668E+00   0.33695E+00
  410   0.21892E+00   0.31778E+00   0.33488E+00   0.28161E+00   0.23373E+00   0.27350E+00   0.25742E+00   0.33823E+00
  411   0.21979E+00   0.31904E+00   0.33563E+00   0.28231E+00   0.23451E+00   0.27421E+00   0.25816E+00   0.33951E+00
  412   0.22066E+00   0.32030E+00   0.33637E+00   0.28301E+00   0.23530E+00   0.27492E+00   0.25890E+00   0.34079E+00
  413   0.22153E+00   0.32156E+00   0.33710E+00   0.28371E+00   0.23608E+00   0.27563E+00   0.25963E+00   0.34206E+00
  414   0.22239E+00   0.32282E+00   0.33784E+00   0.28441E+00   0.23686E+00   0.27633E+00   0.26037E+00   0.34333E+00
  415   0.22326E+00   0.32408E+00   0.33856E+00   0.28510E+00   0.23764E+00   0.27704E+00   0.26111E+00   0.34460E+00
  416   0.22413E+00   0.32534E+00   0.33929E+00   0.28579E+00   0.23842E+00   0.27774E+00   0.26184E+00   0.34588E+00
  417   0.22500E+00   0.32659E+00   0.34001E+00   0.28648E+00   0.23920E+00   0.27844E+00   0.26257E+00   0.34714E+00
  418   0.22588E+00   0.32785E+00   0.34072E+00   0.28717E+00   0.23998E+00   0.27914E+00   0.26331E+00   0.34841E+00
  419   0.22675E+00   0.32910E+00   0.34143E+00   0.28786E+00   0.24076E+00   0.27983E+00   0.26404E+00   0.34968E+00
  420   0.22762E+00   0.33036E+00   0.34213E+00   0.28855E+00   0.24154E+00   0.28053E+00   0.26477E+00   0.35094E+00
  421   0.22850E+00   0.33161E+00   0.34283E+00   0.28923E+00   0.24231E+00   0.28122E+00   0.26550E+00   0.35221E+00
  422   0.22937E+00   0.33286E+00   0.34353E+00   0.28991E+00   0.24309E+00   0.28191E+00   0.26622E+00   0.35347E+00
  423   0.23025E+00   0.33411E+00   0.34422E+00   0.29059E+00   0.24387E+00   0.28260E+00   0.26695E+00   0.35473E+00
  424   0.23112E+00   0.33536E+00   0.34490E+00   0.29127E+00   0.24465E+00   0.28329E+00   0.26768E+00   0.35599E+00
  425   0.23200E+00   0.33660E+00   0.34558E+00   0.29194E+00   0.24543E+00   0.28397E+00   0.26840E+00   0.35725E+00
  426   0.23288E+00   0.33785E+00   0.34626E+00   0.29261E+00   0.24621E+00   0.28466E+00   0.26912E+00   0.35851E+00
  427   0.23375E+00   0.33910E+00   0.34693E+00   0.29329E+00   0.24698E+00   0.28534E+00   0.26985E+00   0.35976E+00
  428   0.23463E+00   0.34034E+00   0.34760E+00   0.29396E+00   0.24776E+00   0.28602E+00   0.27057E+00   0.36102E+00
  429   0.23551E+00   0.34158E+00   0.34826E+00   0.29462E+00   0.24854E+00   0.28670E+00   0.27129E+00   0.36227E+00
  430   0.23639E+00   0.34283E+00   0.34892E+00   0.29529E+00   0.24931E+00   0.28737E+00   0.27201E+00   0.36352E+00
  431   0.23727E+00   0.34407E+00   0.34957E+00   0.29595E+00   0.25009E+00   0.28805E+00   0.27272E+00   0.36477E+00
  432   0.23816E+00   0.34531E+00   0.35022E+00   0.29661E+00   0.25087E+00   0.28872E+00   0.27344E+00   0.36602E+00
  433   0.23904E+00   0.34655E+00   0.35086E+00   0.29727E+00   0.25164E+00   0.28939E+00   0.27415E+00   0.36727E+00
  434   0.23992E+00   0.34778E+00   0.35150E+00   0.29793E+00   0.25242E+00   0.29006E+00   0.27487E+00   0.36851E+00
  435   0.24081E+00   0.34902E+00   0.35214E+00   0.29859E+00   0.25319E+00   0.29072E+00   0.27558E+00   0.36976E+00
  436   0.24169E+00   0.35026E+00   0.35277E+00   0.29924E+00   0.25396E+00   0.29139E+00   0.27629E+00   0.37100E+00
  437   0.24257E+00   0.35149E+00   0.35339E+00   0.29990E+00   0.25474E+00   0.29205E+00   0.27700E+00   0.37225E+00
  438   0.24346E+00   0.35273E+00   0.35401E+00   0.30055E+00   0.25551E+00   0.29271E+00   0.27771E+00   0.37349E+00
  439   0.24435E+00   0.35396E+00   0.35463E+00   0.30120E+00   0.25629E+00   0.29337E+00   0.27841E+00   0.37473E+00
  440   0.24523E+00   0.35519E+00   0.35524E+00   0.30184E+00   0.25706E+00   0.29402E+00   0.27912E+00   0.37596E+00
  441   0.24612E+00   0.35642E+00   0.35584E+00   0.30249E+00   0.25783E+00   0.29468E+00   0.27982E+00   0.37720E+00
  442   0.24701E+00   0.35765E+00   0.35645E+00   0.30313E+00   0.25860E+00   0.29533E+00   0.28053E+00   0.37844E+00
  443   0.24790E+00   0.35888E+00   0.35704E+00   0.30378E+00   0.25937E+00   0.29598E+00   0.28123E+00   0.37967E+00
  444   0.24879E+00   0.36011E+00   0.35764E+00   0.30442E+00   0.26015E+00   0.29663E+00   0.28193E+00   0.38090E+00
  445   0.24968E+00   0.36133E+00   0.35822E+00   0.30506E+00   0.26092E+00   0.29727E+00   0.28263E+00   0.38213E+00
  446   0.25057E+00   0.36256E+00   0.35881E+00   0.30570E+00   0.26169E+00   0.29792E+00   0.28332E+00   0.38336E+00
  447   0.25146E+00   0.36378E+00   0.35939E+00   0.30633E+00   0.26246E+00   0.29856E+00   0.28402E+00   0.38459E+00
  448   0.25235E+00   0.36501E+00   0.35996E+00   0.30697E+00   0.26323E+00   0.29920E+00   0.28471E+00   0.38582E+00
  449   0.25324E+00   0.36623E+00   0.36053E+00   0.30760E+00   0.26399E+00   0.29984E+00   0.28541E+00   0.38705E+00
  450   0.25414E+00   0.36745E+00   0.36109E+00   0.30823E+00   0.26476E+00   0.30047E+00   0.28610E+00   0.38827E+00
  451   0.25503E+00   0.36867E+00   0.36165E+00   0.30886E+00   0.26553E+00   0.30111E+00   0.28679E+00   0.38949E+00
  452   0.25592E+00   0.36989E+00   0.36221E+00   0.30949E+00   0.26630E+00   0.30174E+00   0.28748E+00   0.39072E+00
  453   0.25682E+00   0.37111E+00   0.36276E+00   0.31011E+00   0.26706E+00   0.30237E+00   0.28816E+00   0.39194E+00
  454   0.25771E+00   0.37233E+00   0.36331E+00   0.31073E+00   0.26783E+00   0.30300E+00   0.28885E+00   0.39315E+00
  455   0.25861E+00   0.37355E+00   0.36385E+00   0.31135E+00   0.26860E+00   0.30363E+00   0.28953E+00   0.39437E+00
  456   0.25951E+00   0.37476E+00   0.36438E+00   0.31197E+00   0.26936E+00   0.30425E+00   0.29022E+00   0.39559E+00
  457   0.26040E+00   0.37598E+00   0.36492E+00   0.31258E+00   0.27013E+00   0.30488E+00   0.29090E+00   0.39680E+00
  458   0.26130E+00   0.37719E+00   0.36544E+00   0.31319E+00   0.27089E+00   0.30550E+00   0.29158E+00   0.39802E+00
  459   0.26220E+00   0.37840E+00   0.36597E+00   0.31380E+00   0.27165E+00   0.30612E+00   0.29225E+00   0.39923E+00
  460   0.26310E+00   0.37962E+00   0.36649E+00   0.31441E+00   0.27242E+00   0.30674E+00   0.29293E+00   0.40044E+00
  461   0.26399E+00   0.38083E+00   0.36700E+00   0.31502E+00   0.27318E+00   0.30736E+00   0.29361E+00   0.40165E+00
  462   0.26489E+00   0.38204E+00   0.36751E+00   0.31562E+00   0.27394E+00   0.30797E+00   0.29428E+00   0.40285E+00
  463   0.26579E+00   0.38325E+00   0.36801E+00   0.31622E+00   0.27470E+00   0.30858E+00   0.29495E+00   0.40406E+00
  464   0.26669E+00   0.38445E+00   0.36851E+00   0.31682E+00   0.27546E+00   0.30919E+00   0.29563E+00   0.40527E+00
  465   0.26759E+00   0.38566E+00   0.36901E+00   0.31741E+00   0.27622E+00   0.30980E+00   0.29630E+00   0.40647E+00
  466   0.26850E+00   0.38687E+00   0.36950E+00   0.31801E+00   0.27698E+00   0.31040E+00   0.29697E+00   0.40767E+00
  467   0.26940E+00   0.38807E+00   0.36999E+00   0.31860E+00   0.27774E+00   0.31101E+00   0.29764E+00   0.40887E+00
  468   0.27030E+00   0.38928E+00   0.37047E+00   0.31919E+00   0.27850E+00   0.31160E+00   0.29830E+00   0.41007E+00
  469   0.27120E+00   0.39048E+00   0.37094E+00   0.31977E+00   0.27926E+00   0.31220E+00   0.29897E+00   0.41127E+00
  470   0.27210E+00   0.39168E+00   0.37142E+00   0.32036E+00   0.28001E+00   0.31280E+00   0.29964E+00   0.41246E+00
  471   0.27301E+00   0.39288E+00   0.37189E+00   0.32094E+00   0.28077E+00   0.31339E+00   0.30031E+00   0.41366E+00
  472   0.27391E+00   0.39408E+00   0.37235E+00   0.32152E+00   0.28153E+00   0.31398E+00   0.30097E+00   0.41485E+00
  473   0.27482E+00   0.39528E+00   0.37281E+00   0.32210E+00   0.28228E+00   0.31456E+00   0.30164E+00   0.41604E+00
  474   0.27572E+00   0.39648E+00   0.37326E+00   0.32267E+00   0.28303E+00   0.31515E+00   0.30231E+00   0.41723E+00
  475   0.27662E+00   0.39768E+00   0.37371E+00   0.32325E+00   0.28379E+00   0.31573E+00   0.30297E+00   0.41842E+00
  476   0.27753E+00   0.39887E+00   0.37416E+00   0.32382E+00   0.28454E+00   0.31631E+00   0.30364E+00   0.41961E+00
  477   0.27844E+00   0.40007E+00   0.37460E+00   0.32439E+00   0.28529E+00   0.31689E+00   0.30432E+00   0.42079E+00
  478   0.27934E+00   0.40126E+00   0.37503E+00   0.32495E+00   0.28604E+00   0.31746E+00   0.30499E+00   0.42198E+00
  479   0.28025E+00   0.40245E+00   0.37546E+00   0.32552E+00   0.28679E+00   0.31803E+00   0.30567E+00   0.42316E+00
  480   0.28116E+00   0.40365E+00   0.37589E+00   0.32608E+00   0.28754E+00   0.31860E+00   0.30635E+00   0.42434E+00
  481   0.28206E+00   0.40484E+00   0.37631E+00   0.32664E+00   0.28829E+00   0.31917E+00   0.30704E+00   0.42552E+00
  482   0.28297E+00   0.40603E+00   0.37673E+00   0.32720E+00   0.28904E+00   0.31974E+00   0.30772E+00   0.42669E+00
  483   0.28388E+00   0.40722E+00   0.37714E+00   0.32776E+00   0.28979E+00   0.32030E+00   0.30841E+00   0.42787E+00
  484   0.28479E+00   0.40840E+00   0.37755E+00   0.32831E+00   0.29053E+00   0.32086E+00   0.30910E+00   0.42905E+00
  485   0.28569E+00   0.40959E+00   0.37795E+00   0.32886E+00   0.29128E+00   0.32142E+00   0.30978E+00   0.43022E+00
  486   0.28660E+00   0.41078E+00   0.37835E+00   0.32941E+00   0.29202E+00   0.32197E+00   0.31047E+00   0.43139E+00
  487   0.28751E+00   0.41196E+00   0.37875E+00   0.32996E+00   0.29277E+00   0.32253E+00   0.31116E+00   0.43256E+00
  488   0.28842E+00   0.41315E+00   0.37914E+00   0.33051E+00   0.29351E+00   0.32308E+00   0.31184E+00   0.43373E+00
  489   0.28933E+00   0.41433E+00   0.37952E+00   0.33105E+00   0.29425E+00   0.32363E+00   0.31252E+00   0.43489E+00
  490   0.29024E+00   0.41551E+00   0.37991E+00   0.33159E+00   0.29499E+00   0.32417E+00   0.31320E+00   0.43606E+00
  491   0.29115E+00   0.41669E+00   0.38028E+00   0.33213E+00   0.29573E+00   0.32472E+00   0.31387E+00   0.43722E+00
  492   0.29206E+00   0.41787E+00   0.38065E+00   0.33267E+00   0.29647E+00   0.32526E+00   0.31454E+00   0.43838E+00
  493   0.29298E+00   0.41905E+00   0.38102E+00   0.33321E+00   0.29721E+00   0.32580E+00   0.31521E+00   0.43954E+00
  494   0.29389E+00   0.42023E+00   0.38139E+00   0.33374E+00   0.29795E+00   0.32634E+00   0.31587E+00   0.44070E+00
  495   0.29480E+00   0.42140E+00   0.38174E+00   0.33427E+00   0.29869E+00   0.32687E+00   0.31653E+00   0.44186E+00
  496   0.29571E+00   0.42258E+00   0.38210E+00   0.33480E+00   0.29942E+00   0.32740E+00   0.31718E+00   0.44301E+00
  497   0.29663E+00   0.42375E+00   0.38245E+00   0.33533E+00   0.30016E+00   0.32793E+00   0.31784E+00   0.44416E+00
  498   0.29754E+00   0.42493E+00   0.38279E+00   0.33585E+00   0.30089E+00   0.32846E+00   0.31849E+00   0.44532E+00
  499   0.29846E+00   0.42610E+00   0.38313E+00   0.33638E+00   0.30163E+00   0.32899E+00   0.31913E+00   0.44647E+00
  500   0.29937E+00   0.42727E+00   0.38347E+00   0.33690E+00   0.30236E+00   0.32951E+00   0.31978E+00   0.44761E+00
  501   0.30029E+00   0.42844E+00   0.38380E+00   0.33742E+00   0.30309E+00   0.33003E+00   0.32042E+00   0.44876E+00
  502   0.30121E+00   0.42961E+00   0.38413E+00   0.33794E+00   0.30382E+00   0.33055E+00   0.32106E+00   0.44990E+00
  503   0.30213E+00   0.43078E+00   0.38445E+00   0.33845E+00   0.30456E+00   0.33107E+00   0.32169E+00   0.45105E+00
  504   0.30306E+00   0.43195E+00   0.38477E+00   0.33897E+00   0.30529E+00   0.33158E+00   0.32232E+00   0.45219E+00
  505   0.30399E+00   0.43311E+00   0.38509E+00   0.33948E+00   0.30601E+00   0.33209E+00   0.32295E+00   0.45333E+00
  506   0.30492E+00   0.43428E+00   0.38540E+00   0.33999E+00   0.30674E+00   0.33260E+00   0.32357E+00   0.45446E+00
  507   0.30586E+00   0.43544E+00   0.38570E+00   0.34050E+00   0.30747E+00   0.33311E+00   0.32419E+00   0.45560E+00
  508   0.30680E+00   0.43660E+00   0.38600E+00   0.34100E+00   0.30819E+00   0.33362E+00   0.32481E+00   0.45673E+00
  509   0.30774E+00   0.43777E+00   0.38630E+00   0.34151E+00   0.30892E+00   0.33412E+00   0.32543E+00   0.45786E+00
  510   0.30869E+00   0.43893E+00   0.38659E+00   0.34201E+00   0.30964E+00   0.33462E+00   0.32604E+00   0.45899E+00
  511   0.30965E+00   0.44009E+00   0.38688E+00   0.34251E+00   0.31036E+00   0.33512E+00   0.32665E+00   0.46012E+00
  512   0.31060E+00   0.44124E+00   0.38716E+00   0.34301E+00   0.31109E+00   0.33561E+00   0.32725E+00   0.46125E+00
  513   0.31156E+00   0.44240E+00   0.38744E+00   0.34351E+00   0.31180E+00   0.33611E+00   0.32785E+00   0.46237E+00
