 0.000000   2.877179   -2.294743
 0.008008   2.858776   -2.301410
 0.016016   2.840320   -2.307996
 0.024024   2.821812   -2.314499
 0.032032   2.803251   -2.320921
 0.040040   2.784640   -2.327261
 0.048048   2.765978   -2.333520
 0.056056   2.747266   -2.339696
 0.064064   2.728506   -2.345791
 0.071071   2.712050   -2.351057
 0.078078   2.695558   -2.356261
 0.085085   2.679030   -2.361401
 0.092092   2.662466   -2.366479
 0.099099   2.645866   -2.371495
 0.106106   2.629232   -2.376448
 0.113113   2.612563   -2.381338
 0.120120   2.595860   -2.386166
 0.127127   2.579123   -2.390931
 0.134134   2.562353   -2.395634
 0.141141   2.545551   -2.400273
 0.148148   2.528716   -2.404851
 0.155155   2.511849   -2.409365
 0.162162   2.494951   -2.413818
 0.169169   2.478022   -2.418207
 0.176176   2.461062   -2.422534
 0.183183   2.444073   -2.426798
 0.190190   2.427053   -2.431000
 0.197197   2.410005   -2.435139
 0.204204   2.392927   -2.439216
 0.211211   2.375822   -2.443230
 0.217217   2.361138   -2.446620
 0.223223   2.346433   -2.449965
 0.229229   2.331709   -2.453264
 0.235235   2.316965   -2.456516
 0.241241   2.302201   -2.459723
 0.247247   2.287418   -2.462884
 0.253253   2.272617   -2.465998
 0.259259   2.257797   -2.469067
 0.265265   2.242959   -2.472090
 0.271271   2.228102   -2.475066
 0.277277   2.213228   -2.477997
 0.283283   2.198337   -2.480882
 0.289289   2.183428   -2.483721
 0.295295   2.168502   -2.486513
 0.301301   2.153560   -2.489260
 0.307307   2.138601   -2.491961
 0.313313   2.123627   -2.494616
 0.319319   2.108636   -2.497224
 0.325325   2.093630   -2.499787
 0.331331   2.078609   -2.502304
 0.337337   2.063572   -2.504775
 0.343343   2.048521   -2.507200
 0.349349   2.033456   -2.509578
 0.355355   2.018376   -2.511911
 0.361361   2.003283   -2.514198
 0.367367   1.988176   -2.516439
 0.372372   1.975576   -2.518271
 0.377377   1.962968   -2.520071
 0.382382   1.950351   -2.521840
 0.387387   1.937724   -2.523576
 0.392392   1.925090   -2.525281
 0.397397   1.912446   -2.526953
 0.402402   1.899795   -2.528594
 0.407407   1.887135   -2.530202
 0.412412   1.874468   -2.531779
 0.417417   1.861792   -2.533324
 0.422422   1.849109   -2.534837
 0.427427   1.836418   -2.536317
 0.432432   1.823720   -2.537766
 0.437437   1.811015   -2.539183
 0.442442   1.798303   -2.540569
 0.447447   1.785584   -2.541922
 0.452452   1.772859   -2.543243
 0.457457   1.760126   -2.544532
 0.462462   1.747388   -2.545789
 0.467467   1.734643   -2.547015
 0.472472   1.721892   -2.548208
 0.477477   1.709136   -2.549370
 0.482482   1.696373   -2.550499
 0.487487   1.683605   -2.551597
 0.492492   1.670832   -2.552662
 0.497497   1.658053   -2.553696
 0.502503   1.645269   -2.554698
 0.507508   1.632481   -2.555668
 0.512513   1.619687   -2.556606
 0.517518   1.606889   -2.557512
 0.522523   1.594086   -2.558386
 0.527528   1.581280   -2.559228
 0.532533   1.568469   -2.560038
 0.537538   1.555654   -2.560816
 0.542543   1.542835   -2.561563
 0.547548   1.530012   -2.562277
 0.551552   1.519752   -2.562825
 0.555556   1.509489   -2.563353
 0.559560   1.499225   -2.563861
 0.563564   1.488958   -2.564348
 0.567568   1.478689   -2.564815
 0.571572   1.468419   -2.565261
 0.575576   1.458147   -2.565687
 0.579580   1.447873   -2.566092
 0.583584   1.437597   -2.566477
 0.587588   1.427320   -2.566842
 0.591592   1.417042   -2.567186
 0.595596   1.406762   -2.567509
 0.599600   1.396482   -2.567813
 0.603604   1.386199   -2.568095
 0.607608   1.375916   -2.568358
 0.611612   1.365632   -2.568599
 0.615616   1.355347   -2.568821
 0.619620   1.345061   -2.569022
 0.623624   1.334774   -2.569202
 0.627628   1.324487   -2.569362
 0.631632   1.314199   -2.569502
 0.635636   1.303910   -2.569621
 0.639640   1.293621   -2.569720
 0.643644   1.283332   -2.569798
 0.647648   1.273042   -2.569856
 0.651652   1.262752   -2.569894
 0.655656   1.252463   -2.569911
 0.659660   1.242173   -2.569907
 0.663664   1.231883   -2.569883
 0.667668   1.221593   -2.569839
 0.671672   1.211303   -2.569774
 0.675676   1.201014   -2.569689
 0.679680   1.190725   -2.569583
 0.683684   1.180437   -2.569457
 0.687688   1.170149   -2.569311
 0.691692   1.159862   -2.569144
 0.695696   1.149576   -2.568956
 0.699700   1.139290   -2.568748
 0.703704   1.129005   -2.568520
 0.707708   1.118721   -2.568271
 0.711712   1.108438   -2.568002
 0.715716   1.098157   -2.567713
 0.719720   1.087876   -2.567403
 0.723724   1.077597   -2.567072
 0.727728   1.067319   -2.566721
 0.731732   1.057043   -2.566350
 0.735736   1.046768   -2.565958
 0.739740   1.036494   -2.565546
 0.742743   1.028790   -2.565223
 0.745746   1.021088   -2.564889
 0.748749   1.013386   -2.564543
 0.751752   1.005685   -2.564186
 0.754755   0.997985   -2.563817
 0.757758   0.990287   -2.563437
 0.760761   0.982589   -2.563046
 0.763764   0.974893   -2.562643
 0.766767   0.967198   -2.562228
 0.769770   0.959504   -2.561802
 0.772773   0.951812   -2.561364
 0.775776   0.944121   -2.560915
 0.778779   0.936431   -2.560455
 0.781782   0.928743   -2.559983
 0.784785   0.921056   -2.559499
 0.787788   0.913370   -2.559004
 0.790791   0.905686   -2.558497
 0.793794   0.898004   -2.557979
 0.796797   0.890323   -2.557450
 0.799800   0.882644   -2.556908
 0.802803   0.874966   -2.556356
 0.805806   0.867290   -2.555792
 0.808809   0.859616   -2.555216
 0.811812   0.851944   -2.554629
 0.814815   0.844273   -2.554031
 0.817818   0.836604   -2.553421
 0.820821   0.828937   -2.552799
 0.823824   0.821272   -2.552166
 0.826827   0.813609   -2.551521
 0.829830   0.805948   -2.550865
 0.832833   0.798288   -2.550198
 0.835836   0.790631   -2.549519
 0.838839   0.782976   -2.548828
 0.841842   0.775323   -2.548126
 0.844845   0.767672   -2.547413
 0.847848   0.760023   -2.546688
 0.850851   0.752377   -2.545952
 0.853854   0.744732   -2.545205
 0.856857   0.737090   -2.544447
 0.859860   0.729450   -2.543677
 0.862863   0.721813   -2.542897
 0.865866   0.714178   -2.542106
 0.868869   0.706545   -2.541306
 0.871872   0.698914   -2.540496
 0.874875   0.691287   -2.539678
 0.877878   0.683661   -2.538854
 0.880881   0.676038   -2.538025
 0.883884   0.668418   -2.537196
 0.886887   0.660800   -2.536370
 0.889890   0.653184   -2.535555
 0.892893   0.645571   -2.534761
 0.895896   0.637960   -2.534003
 0.898899   0.630352   -2.533303
 0.901902   0.622745   -2.532693
 0.904905   0.615140   -2.532218
 0.907908   0.607537   -2.531947
 0.910911   0.599933   -2.531978
 0.913914   0.592329   -2.532453
 0.916917   0.584723   -2.533581
 0.919920   0.577111   -2.535664
 0.922923   0.569492   -2.539143
 0.925926   0.561859   -2.544661
 0.928929   0.554206   -2.553138
 0.931932   0.546521   -2.565956
 0.933934   0.541372   -2.577808
 0.935936   0.536197   -2.593230
 0.937938   0.530986   -2.613199
 0.939940   0.525730   -2.638996
 0.941942   0.520415   -2.672243
 0.943944   0.515024   -2.715009
 0.945946   0.509536   -2.769912
 0.947948   0.503923   -2.840264
 0.949950   0.498150   -2.930226
 0.951952   0.492173   -3.045003
 0.953954   0.485937   -3.191044
 0.955956   0.479370   -3.376261
 0.957958   0.472386   -3.610212
 0.959960   0.464875   -3.904238
 0.961962   0.456705   -4.271337
 0.963964   0.447714   -4.726118
 0.964965   0.442853   -4.990854
 0.965966   0.437713   -5.283208
 0.966967   0.432266   -5.604696
 0.967968   0.426482   -5.956852
 0.968969   0.420330   -6.340825
 0.969970   0.413777   -6.757324
 0.970971   0.406791   -7.206446
 0.971972   0.399339   -7.687510
 0.972973   0.391390   -8.198874
 0.973974   0.382916   -8.737743
 0.974975   0.373890   -9.299986
 0.975976   0.364291   -9.879974
 0.976977   0.354106   -10.470462
 0.977978   0.343329   -11.062539
 0.978979   0.331962   -11.645671
 0.979980   0.320021   -12.207857
 0.980981   0.307533   -12.735923
 0.981982   0.294540   -13.215957
 0.982983   0.281096   -13.633879
 0.983984   0.267270   -13.976127
 0.984985   0.253145   -14.230401
 0.985986   0.238813   -14.386422
 0.986987   0.224378   -14.436626
 0.987988   0.209948   -14.376712
 0.988989   0.195633   -14.205993
 0.989990   0.181544   -13.927502
 0.990991   0.167784   -13.547833
 0.991992   0.154451   -13.076731
 0.992993   0.141631   -12.526491
 0.993994   0.129395   -11.911205
 0.994995   0.117801   -11.245970
 0.995996   0.106892   -10.546064
 0.996997   0.096695   -9.826352
 0.997998   0.087222   -9.100296
 0.998999   0.078474   -8.381021
 1.000000   0.070438   -7.675471
256 psinorm te(KeV) dte/dpsiN
