 0.000000   2.993637   -1.250144
 0.013013   2.976978   -1.310007
 0.026026   2.959548   -1.368799
 0.038038   2.942784   -1.422118
 0.050050   2.925386   -1.474525
 0.061061   2.908889   -1.521762
 0.072072   2.891877   -1.568233
 0.083083   2.874357   -1.613937
 0.093093   2.857996   -1.654821
 0.103103   2.841229   -1.695071
 0.113113   2.824063   -1.734687
 0.122122   2.808276   -1.769800
 0.131131   2.792176   -1.804399
 0.140140   2.775766   -1.838485
 0.149149   2.759052   -1.872058
 0.158158   2.742037   -1.905118
 0.166166   2.726665   -1.934073
 0.174174   2.711062   -1.962623
 0.182182   2.695232   -1.990768
 0.190190   2.679179   -2.018506
 0.198198   2.662905   -2.045840
 0.206206   2.646414   -2.072767
 0.214214   2.629708   -2.099289
 0.222222   2.612793   -2.125406
 0.229229   2.597821   -2.147925
 0.236236   2.582692   -2.170133
 0.243243   2.567409   -2.192032
 0.250250   2.551974   -2.213619
 0.257257   2.536388   -2.234896
 0.264264   2.520655   -2.255863
 0.271271   2.504775   -2.276519
 0.278278   2.488752   -2.296865
 0.285285   2.472588   -2.316900
 0.292292   2.456284   -2.336624
 0.298298   2.442200   -2.353284
 0.304304   2.428017   -2.369716
 0.310310   2.413735   -2.385919
 0.316316   2.399357   -2.401894
 0.322322   2.384884   -2.417641
 0.328328   2.370317   -2.433160
 0.334334   2.355657   -2.448451
 0.340340   2.340907   -2.463514
 0.346346   2.326066   -2.478348
 0.352352   2.311137   -2.492955
 0.358358   2.296121   -2.507333
 0.364364   2.281020   -2.521483
 0.370370   2.265834   -2.535405
 0.376376   2.250565   -2.549099
 0.382382   2.235214   -2.562565
 0.388388   2.219784   -2.575803
 0.394394   2.204274   -2.588812
 0.399399   2.191290   -2.599479
 0.404404   2.178254   -2.609988
 0.409409   2.165165   -2.620338
 0.414414   2.152024   -2.630530
 0.419419   2.138833   -2.640563
 0.424424   2.125592   -2.650438
 0.429429   2.112303   -2.660154
 0.434434   2.098965   -2.669712
 0.439439   2.085579   -2.679112
 0.444444   2.072147   -2.688353
 0.449449   2.058669   -2.697436
 0.454454   2.045146   -2.706360
 0.459459   2.031578   -2.715126
 0.464464   2.017968   -2.723733
 0.469469   2.004314   -2.732182
 0.474474   1.990619   -2.740473
 0.479479   1.976882   -2.748605
 0.484484   1.963105   -2.756579
 0.489489   1.949289   -2.764394
 0.494494   1.935434   -2.772051
 0.499499   1.921541   -2.779549
 0.504505   1.907611   -2.786890
 0.509510   1.893645   -2.794071
 0.514515   1.879643   -2.801094
 0.519520   1.865606   -2.807959
 0.524525   1.851535   -2.814665
 0.528529   1.840255   -2.819916
 0.532533   1.828953   -2.825066
 0.536537   1.817632   -2.830114
 0.540541   1.806290   -2.835061
 0.544545   1.794929   -2.839907
 0.548549   1.783548   -2.844651
 0.552553   1.772149   -2.849293
 0.556557   1.760731   -2.853835
 0.560561   1.749295   -2.858274
 0.564565   1.737842   -2.862613
 0.568569   1.726372   -2.866850
 0.572573   1.714884   -2.870986
 0.576577   1.703381   -2.875020
 0.580581   1.691861   -2.878953
 0.584585   1.680326   -2.882784
 0.588589   1.668776   -2.886515
 0.592593   1.657211   -2.890143
 0.596597   1.645632   -2.893671
 0.600601   1.634039   -2.897097
 0.604605   1.622432   -2.900421
 0.608609   1.610812   -2.903644
 0.612613   1.599180   -2.906766
 0.616617   1.587535   -2.909787
 0.620621   1.575878   -2.912705
 0.624625   1.564210   -2.915523
 0.628629   1.552531   -2.918239
 0.632633   1.540841   -2.920854
 0.636637   1.529141   -2.923368
 0.640641   1.517431   -2.925780
 0.644645   1.505711   -2.928090
 0.648649   1.493983   -2.930299
 0.652653   1.482246   -2.932407
 0.656657   1.470500   -2.934414
 0.660661   1.458747   -2.936319
 0.664665   1.446986   -2.938122
 0.668669   1.435219   -2.939825
 0.672673   1.423444   -2.941426
 0.676677   1.411664   -2.942925
 0.680681   1.399878   -2.944323
 0.684685   1.388086   -2.945620
 0.688689   1.376289   -2.946815
 0.692693   1.364488   -2.947909
 0.696697   1.352682   -2.948902
 0.699700   1.343826   -2.949580
 0.702703   1.334967   -2.950200
 0.705706   1.326107   -2.950764
 0.708709   1.317245   -2.951271
 0.711712   1.308382   -2.951721
 0.714715   1.299517   -2.952113
 0.717718   1.290651   -2.952449
 0.720721   1.281785   -2.952728
 0.723724   1.272917   -2.952949
 0.726727   1.264049   -2.953114
 0.729730   1.255181   -2.953221
 0.732733   1.246312   -2.953272
 0.735736   1.237444   -2.953265
 0.738739   1.228575   -2.953202
 0.741742   1.219707   -2.953081
 0.744745   1.210839   -2.952904
 0.747748   1.201972   -2.952669
 0.750751   1.193105   -2.952377
 0.753754   1.184240   -2.952028
 0.756757   1.175375   -2.951623
 0.759760   1.166512   -2.951160
 0.762763   1.157651   -2.950640
 0.765766   1.148791   -2.950063
 0.768769   1.139933   -2.949429
 0.771772   1.131076   -2.948738
 0.774775   1.122223   -2.947990
 0.777778   1.113371   -2.947185
 0.780781   1.104522   -2.946323
 0.783784   1.095675   -2.945404
 0.786787   1.086832   -2.944428
 0.789790   1.077991   -2.943395
 0.792793   1.069154   -2.942305
 0.795796   1.060320   -2.941158
 0.798799   1.051489   -2.939953
 0.801802   1.042662   -2.938692
 0.804805   1.033839   -2.937375
 0.807808   1.025021   -2.935996
 0.810811   1.016206   -2.934722
 0.813814   1.007394   -2.933739
 0.816817   0.998585   -2.933054
 0.819820   0.989778   -2.932665
 0.822823   0.980971   -2.932573
 0.825826   0.972165   -2.932777
 0.828829   0.963357   -2.933278
 0.831832   0.954547   -2.934076
 0.834835   0.945735   -2.935169
 0.837838   0.936918   -2.936560
 0.840841   0.928097   -2.938247
 0.843844   0.919271   -2.940230
 0.846847   0.910438   -2.942510
 0.849850   0.901598   -2.945086
 0.852853   0.892749   -2.947959
 0.855856   0.883892   -2.951128
 0.858859   0.875025   -2.954594
 0.861862   0.866146   -2.958357
 0.864865   0.857256   -2.962416
 0.867868   0.848354   -2.966771
 0.870871   0.839438   -2.971423
 0.873874   0.830507   -2.976371
 0.876877   0.821561   -2.981616
 0.879880   0.812599   -2.987158
 0.882883   0.803620   -2.992995
 0.885886   0.794623   -2.999130
 0.888889   0.785607   -3.005561
 0.891892   0.776571   -3.012288
 0.894895   0.767515   -3.019312
 0.897898   0.758437   -3.026633
 0.899900   0.752373   -3.031678
 0.901902   0.746298   -3.036854
 0.903904   0.740213   -3.042165
 0.905906   0.734117   -3.047596
 0.907908   0.728010   -3.053204
 0.909910   0.721892   -3.058776
 0.911912   0.715762   -3.065332
 0.913914   0.709616   -3.075770
 0.915916   0.703443   -3.091356
 0.917918   0.697235   -3.111856
 0.919920   0.690980   -3.137332
 0.921922   0.684670   -3.167768
 0.923924   0.678293   -3.203168
 0.925926   0.671841   -3.243532
 0.927928   0.665303   -3.288858
 0.929930   0.658669   -3.339148
 0.931932   0.651929   -3.394401
 0.933934   0.645074   -3.454617
 0.935936   0.638094   -3.519796
 0.937938   0.630978   -3.589939
 0.939940   0.623716   -3.665044
 0.941942   0.616300   -3.745113
 0.943944   0.608718   -3.830145
 0.945946   0.600960   -3.920141
 0.947948   0.593018   -4.015099
 0.949950   0.584881   -4.115021
 0.951952   0.576538   -4.219906
 0.953954   0.567981   -4.329755
 0.955956   0.559198   -4.444566
 0.957958   0.550181   -4.564341
 0.959960   0.540920   -4.689079
 0.961962   0.531403   -4.818780
 0.963964   0.521622   -4.953444
 0.964965   0.516629   -5.022637
 0.965966   0.511566   -5.093072
 0.966967   0.506432   -5.164747
 0.967968   0.501226   -5.237662
 0.968969   0.495946   -5.311819
 0.969970   0.490591   -5.387216
 0.970971   0.485160   -5.463855
 0.971972   0.479652   -5.541734
 0.972973   0.474065   -5.620853
 0.973974   0.468399   -5.701214
 0.974975   0.462651   -5.782815
 0.975976   0.456821   -5.865658
 0.976977   0.450908   -5.949741
 0.977978   0.444909   -6.035065
 0.978979   0.438825   -6.121629
 0.979980   0.432653   -6.209435
 0.980981   0.426393   -6.298481
 0.981982   0.420043   -6.388768
 0.982983   0.413602   -6.480296
 0.983984   0.407069   -6.573064
 0.984985   0.400443   -6.667074
 0.985986   0.393721   -6.762324
 0.986987   0.386904   -6.858815
 0.987988   0.379990   -6.956547
 0.988989   0.372977   -7.055520
 0.989990   0.365864   -7.155733
 0.990991   0.358651   -7.257188
 0.991992   0.351335   -7.359883
 0.992993   0.343916   -7.463819
 0.993994   0.336392   -7.568995
 0.994995   0.328762   -7.675413
 0.995996   0.321025   -7.783071
 0.996997   0.313180   -7.891970
 0.997998   0.305225   -8.002110
 0.998999   0.297159   -8.113491
 1.000000   0.288981   -8.226112
256 psinorm ti(keV) dti/dpsiN
